Name	400	410	420	430	440	450	460	470	480	490	500	510	520	530	540	550	560	570	580	590	600	610	620	630	640	650	660	670	680	690	700
01A_b	5.09	5.09	5.04	5.0	5.0	4.97	4.97	4.93	4.92	4.92	4.89	4.9	4.88	4.86	4.84	4.84	4.86	4.87	4.9	4.9	4.88	4.91	4.92	4.9	4.92	4.9	4.9	4.89	4.93	4.91	4.93
01A_ob	4.44	4.43	4.39	4.38	4.35	4.3	4.28	4.21	4.18	4.17	4.16	4.16	4.16	4.25	4.5	4.88	5.21	5.38	5.45	5.41	5.3	5.29	5.21	5.14	5.11	5.05	5.02	5.0	4.98	4.96	4.97
01A_ow	6.73	7.97	8.59	8.94	8.54	7.24	5.9	4.87	4.37	4.2	4.17	4.1	4.16	4.3	4.36	5.53	17.04	39.68	60.45	71.46	75.98	78.19	79.58	80.69	81.99	82.92	83.78	84.35	84.74	84.98	85.39
01A_w	54.83	72.98	78.39	80.16	81.59	82.46	83.58	83.99	84.73	85.18	85.53	85.74	85.72	85.78	85.81	85.64	85.48	85.38	85.39	85.56	85.56	85.84	86.11	86.53	87.28	87.75	88.2	88.47	88.64	88.56	88.75
01B_b	5.19	5.18	5.12	5.1	5.06	5.04	5.04	5.0	4.99	4.98	4.96	4.97	4.94	4.92	4.92	4.91	4.92	4.93	4.97	4.96	4.94	4.96	4.98	4.96	4.97	4.96	4.96	4.96	4.98	4.96	4.99
01B_ob	58.05	60.12	60.73	60.73	60.3	59.38	58.28	56.53	54.2	52.13	50.59	48.63	46.25	45.84	48.53	51.67	53.15	53.13	52.72	52.13	51.34	51.2	50.49	49.8	49.28	48.66	48.08	47.25	46.84	46.22	45.66
01B_ow	59.67	64.3	67.39	69.55	71.02	71.47	71.44	69.61	66.5	63.69	61.95	59.28	55.69	56.13	63.6	73.79	80.97	83.75	84.66	85.11	85.2	85.53	85.83	86.15	86.77	87.24	87.58	87.69	87.98	87.89	88.08
01B_w	52.05	70.94	77.05	79.11	80.58	81.53	82.58	83.19	83.9	84.39	84.81	85.0	85.08	85.04	85.18	85.03	84.91	84.78	84.82	85.0	84.91	85.19	85.49	85.82	86.61	87.12	87.59	87.66	87.98	87.89	88.04
01C_b	5.16	5.14	5.1	5.06	5.04	5.02	5.02	4.98	4.96	4.96	4.93	4.94	4.92	4.89	4.88	4.88	4.89	4.91	4.94	4.94	4.92	4.93	4.95	4.94	4.95	4.93	4.93	4.92	4.95	4.93	4.96
01C_ob	26.18	26.33	26.34	26.36	25.66	24.0	21.89	19.15	15.87	13.63	12.42	11.12	9.81	9.77	12.31	18.78	29.08	37.78	41.87	42.84	42.64	42.65	42.02	41.44	40.98	40.45	39.92	39.17	38.71	38.17	37.78
01C_ow	25.45	25.73	25.73	25.77	25.2	23.52	21.36	18.62	15.4	13.21	12.04	10.75	9.52	9.51	11.94	18.4	32.65	51.9	67.17	74.53	77.44	79.04	80.11	81.08	82.14	83.07	83.82	84.14	84.69	84.91	85.31
01C_w	54.56	72.83	78.47	80.17	81.66	82.43	83.56	83.97	84.77	85.16	85.56	85.69	85.75	85.72	85.83	85.55	85.47	85.4	85.43	85.57	85.56	85.77	86.08	86.52	87.19	87.7	88.22	88.36	88.66	88.56	88.8
02A_b	5.16	5.13	5.09	5.05	5.03	5.01	5.01	4.97	4.95	4.95	4.92	4.95	4.91	4.9	4.88	4.87	4.89	4.91	4.93	4.93	4.91	4.93	4.95	4.94	4.94	4.93	4.92	4.92	4.95	4.92	4.96
02A_ob	4.37	4.37	4.32	4.31	4.28	4.24	4.21	4.17	4.13	4.13	4.12	4.11	4.12	4.2	4.46	4.84	5.19	5.39	5.48	5.46	5.34	5.37	5.27	5.2	5.17	5.11	5.09	5.04	5.04	5.01	5.03
02A_ow	5.96	7.07	7.63	7.96	7.59	6.45	5.36	4.59	4.24	4.12	4.11	4.03	4.09	4.24	4.34	5.11	15.39	37.67	59.4	71.41	76.44	78.84	80.31	81.46	82.71	83.64	84.51	84.95	85.44	85.63	85.98
02A_w	54.45	72.36	77.84	79.78	81.34	82.28	83.44	84.0	84.8	85.2	85.72	85.86	85.92	85.93	86.03	85.88	85.73	85.58	85.58	85.73	85.75	85.92	86.24	86.68	87.44	87.83	88.38	88.56	88.82	88.69	88.89
02B_b	5.21	5.21	5.14	5.12	5.1	5.07	5.08	5.04	5.0	5.01	4.99	4.98	4.97	4.95	4.93	4.93	4.95	4.96	4.98	4.99	4.97	4.99	5.0	4.99	4.99	5.0	4.97	4.96	5.0	4.98	5.01
02B_ob	56.38	58.77	59.91	60.64	60.47	59.67	58.17	55.76	52.18	49.3	47.59	45.32	42.7	42.72	47.16	53.39	57.76	59.06	59.15	58.81	58.13	58.01	57.37	56.74	56.24	55.72	55.15	54.51	54.06	53.41	52.92
02B_ow	57.35	60.37	62.06	63.51	63.98	63.3	61.74	58.81	54.51	51.18	49.25	46.83	44.06	44.19	49.95	60.94	72.77	79.89	82.77	83.91	84.26	84.69	85.08	85.38	85.96	86.4	86.72	86.82	87.06	87.03	87.22
02B_w	54.43	72.48	78.11	80.03	81.5	82.43	83.56	84.13	84.83	85.26	85.75	85.89	85.94	85.91	86.03	85.84	85.69	85.56	85.56	85.72	85.67	85.91	86.22	86.65	87.32	87.79	88.26	88.42	88.67	88.6	88.76
02C_b	5.19	5.17	5.12	5.09	5.07	5.04	5.04	5.0	4.99	4.99	4.96	4.97	4.94	4.93	4.92	4.91	4.92	4.94	4.97	4.97	4.95	4.97	4.97	4.97	4.98	4.96	4.97	4.96	4.98	4.96	4.99
02C_ob	22.91	23.11	23.23	23.25	22.61	21.0	19.04	16.55	13.67	11.78	10.75	9.71	8.6	8.51	10.6	16.36	25.97	33.94	37.41	38.09	37.77	37.59	36.95	36.37	35.8	35.27	34.69	33.99	33.52	32.99	32.53
02C_ow	22.77	23.14	23.32	23.5	23.0	21.34	19.23	16.64	13.69	11.72	10.72	9.63	8.57	8.53	10.56	16.91	33.06	54.45	69.76	76.4	78.92	80.34	81.3	82.19	83.28	84.05	84.75	85.08	85.56	85.73	86.11
02C_w	53.48	71.78	77.52	79.56	81.0	82.0	83.12	83.72	84.46	84.86	85.43	85.56	85.64	85.69	85.7	85.57	85.46	85.33	85.31	85.49	85.46	85.71	85.99	86.43	87.08	87.69	88.09	88.28	88.5	88.45	88.65
03A_b	5.25	5.22	5.16	5.14	5.11	5.09	5.09	5.05	5.03	5.03	5.01	5.0	4.99	4.96	4.96	4.96	4.96	4.99	5.01	5.01	4.99	5.03	5.02	5.04	5.03	5.02	5.03	5.01	5.05	5.03	5.08
03A_ob	4.46	4.46	4.41	4.4	4.37	4.27	4.21	4.15	4.08	4.04	4.04	4.01	4.02	4.09	4.4	4.91	5.43	5.81	6.0	6.0	5.88	5.87	5.71	5.59	5.51	5.44	5.39	5.33	5.3	5.25	5.25
03A_ow	7.03	8.3	8.94	9.38	9.01	7.58	6.02	4.92	4.33	4.09	4.07	3.97	4.02	4.17	4.48	4.87	12.15	31.91	54.55	68.39	74.14	76.64	77.95	79.02	80.19	81.05	82.08	82.53	83.17	83.44	84.08
03A_w	51.85	70.41	76.39	78.53	79.92	80.98	82.06	82.68	83.51	83.98	84.45	84.64	84.72	84.69	84.8	84.67	84.53	84.41	84.31	84.53	84.51	84.83	85.17	85.71	86.45	86.92	87.5	87.66	88.0	87.91	88.08
03B_b	5.22	5.22	5.15	5.13	5.09	5.09	5.07	5.04	5.02	5.01	5.0	5.0	4.97	4.96	4.95	4.95	4.96	4.97	5.0	5.0	4.98	5.0	5.0	5.0	5.01	5.0	4.99	5.0	5.01	5.0	5.03
03B_ob	58.62	61.62	63.16	64.16	64.47	64.03	63.15	61.35	58.56	55.89	53.99	52.35	50.13	49.59	52.56	57.14	60.64	61.98	62.18	61.94	61.33	61.27	60.7	60.1	59.62	59.01	58.56	57.77	57.35	56.78	56.25
03B_ow	59.02	62.65	64.92	66.67	67.92	68.04	67.56	65.66	62.25	59.05	57.02	55.19	52.6	52.25	56.98	65.55	74.11	79.22	81.52	82.64	82.97	83.55	83.91	84.2	84.82	85.24	85.64	85.61	85.89	85.92	86.09
03B_w	52.14	71.27	77.49	79.44	80.8	81.73	82.81	83.39	84.1	84.47	84.97	85.13	85.14	85.17	85.29	85.13	85.0	84.89	84.95	85.01	85.05	85.31	85.58	85.98	86.7	87.19	87.66	87.8	88.11	88.05	88.2
03C_b	5.21	5.19	5.16	5.11	5.09	5.07	5.07	5.04	5.01	5.01	5.0	5.0	4.97	4.96	4.94	4.93	4.95	4.96	5.0	5.0	4.97	5.0	5.0	5.0	5.0	5.0	4.98	5.0	5.01	5.0	5.02
03C_ob	33.68	34.36	34.77	35.04	34.66	33.74	32.13	29.7	26.07	23.03	21.14	19.52	17.43	16.9	19.84	25.88	31.98	35.13	35.92	35.77	35.2	35.02	34.34	33.72	33.16	32.6	32.06	31.39	30.9	30.36	29.96
03C_ow	33.72	34.98	35.91	36.83	37.03	36.17	34.16	31.0	26.52	23.03	21.0	19.23	17.09	16.54	19.76	29.1	45.81	62.14	72.11	76.39	78.02	79.09	79.72	80.41	81.47	82.13	82.94	83.14	83.55	83.78	84.19
03C_w	54.48	72.53	78.22	80.04	81.58	82.47	83.55	84.12	84.82	85.22	85.7	85.93	85.94	85.92	85.97	85.78	85.62	85.58	85.59	85.66	85.7	85.92	86.18	86.62	87.35	87.83	88.34	88.42	88.75	88.66	88.86
03D_b	5.24	5.22	5.17	5.14	5.11	5.09	5.09	5.05	5.04	5.03	5.01	5.01	5.0	4.97	4.96	4.97	4.97	4.99	5.02	5.02	5.0	5.03	5.03	5.04	5.04	5.03	5.04	5.04	5.07	5.04	5.08
03D_ob	4.58	4.59	4.54	4.55	4.52	4.48	4.43	4.37	4.29	4.22	4.21	4.18	4.18	4.29	4.64	5.16	5.52	5.63	5.63	5.58	5.46	5.49	5.37	5.26	5.2	5.14	5.11	5.06	5.02	4.99	5.0
03D_ow	7.71	9.29	10.31	11.16	11.41	10.65	9.23	7.61	5.92	4.95	4.61	4.44	4.33	4.39	4.76	7.12	15.73	27.86	36.87	41.14	42.76	43.99	44.47	44.9	45.39	45.76	46.27	46.45	46.81	47.08	47.42
03D_w	53.84	72.07	77.69	79.66	81.17	82.09	83.16	83.75	84.53	84.97	85.42	85.61	85.64	85.68	85.69	85.53	85.39	85.26	85.33	85.45	85.44	85.65	85.98	86.42	87.08	87.62	88.09	88.3	88.57	88.5	88.67
03E_b	5.2	5.18	5.13	5.09	5.09	5.06	5.07	5.04	5.01	5.01	4.99	5.0	4.97	4.95	4.95	4.95	4.96	4.96	5.0	5.0	4.99	5.01	5.01	5.01	5.04	5.0	5.03	5.02	5.04	5.04	5.05
03E_ob	3.46	3.48	3.46	3.46	3.44	3.44	3.42	3.38	3.35	3.31	3.29	3.28	3.27	3.36	3.61	3.88	3.98	3.92	3.84	3.8	3.74	3.77	3.71	3.65	3.65	3.6	3.6	3.57	3.54	3.54	3.54
03E_ow	4.24	4.37	4.42	4.5	4.5	4.46	4.34	4.2	4.03	3.92	3.86	3.81	3.8	3.88	4.12	4.58	5.43	6.4	7.02	7.3	7.4	7.63	7.67	7.71	7.79	7.87	7.95	7.99	8.05	8.12	8.2
03E_w	54.27	72.09	77.72	79.53	81.06	82.03	83.22	83.69	84.5	84.94	85.36	85.58	85.65	85.7	85.7	85.61	85.42	85.28	85.33	85.49	85.47	85.69	86.02	86.39	87.17	87.61	88.12	88.33	88.53	88.4	88.64
04A_b	5.21	5.2	5.13	5.09	5.08	5.05	5.05	5.02	5.0	4.99	4.97	4.96	4.95	4.93	4.92	4.92	4.93	4.95	4.97	4.98	4.96	4.97	4.97	4.99	4.97	4.97	4.96	4.97	4.99	4.97	5.01
04A_ob	4.19	4.16	4.11	4.07	4.06	4.04	4.04	4.01	4.0	3.99	3.98	3.97	3.98	3.98	3.98	3.96	3.98	4.04	4.17	4.46	5.11	6.37	8.02	9.7	11.18	12.23	12.98	13.46	13.89	14.2	14.45
04A_ow	4.13	4.14	4.07	4.04	4.03	4.03	4.0	3.98	3.97	3.97	3.96	3.96	3.96	3.97	3.97	3.94	3.98	4.02	4.15	4.45	5.07	6.32	8.03	10.08	12.42	14.79	17.12	19.34	21.86	24.31	26.98
04A_w	54.44	72.31	77.9	79.75	81.3	82.26	83.46	83.95	84.81	85.21	85.67	85.97	85.97	86.0	86.09	85.83	85.72	85.66	85.67	85.82	85.75	86.0	86.31	86.69	87.42	87.89	88.33	88.48	88.73	88.67	88.84
04B_b	5.2	5.17	5.12	5.08	5.05	5.04	5.04	5.0	4.97	4.97	4.96	4.95	4.93	4.91	4.9	4.9	4.91	4.92	4.95	4.95	4.92	4.94	4.96	4.94	4.95	4.94	4.93	4.92	4.96	4.93	4.96
04B_ob	21.77	21.07	20.23	19.35	18.97	18.5	17.56	16.07	14.52	13.56	12.72	11.74	11.18	11.4	11.71	11.21	10.73	11.78	15.29	20.92	27.57	34.56	40.17	44.77	48.53	51.3	53.33	54.54	55.74	56.41	57.01
04B_ow	21.4	20.69	19.86	18.95	18.54	18.02	17.06	15.58	14.09	13.15	12.34	11.39	10.85	11.05	11.34	10.85	10.41	11.37	14.7	20.06	26.64	33.55	39.26	44.24	48.58	52.25	55.42	57.74	60.06	61.78	63.46
04B_w	54.86	72.95	78.56	80.33	81.72	82.65	83.68	84.17	84.92	85.3	85.8	85.92	85.97	85.94	86.0	85.88	85.7	85.56	85.67	85.76	85.78	85.99	86.32	86.71	87.47	87.91	88.38	88.53	88.77	88.67	88.92
04C_b	5.24	5.21	5.16	5.12	5.09	5.08	5.07	5.03	5.01	5.0	4.99	4.97	4.96	4.95	4.92	4.92	4.93	4.95	4.97	4.97	4.96	4.97	4.99	4.97	4.99	4.97	4.96	4.96	5.0	4.96	5.0
04C_ob	7.2	6.92	6.55	6.27	6.07	5.87	5.63	5.36	5.11	4.96	4.84	4.72	4.65	4.67	4.71	4.63	4.59	4.72	5.26	6.5	8.55	11.49	14.67	17.88	21.06	23.82	26.22	28.1	29.74	31.0	32.15
04C_ow	7.09	6.81	6.44	6.16	5.96	5.76	5.53	5.26	5.03	4.89	4.77	4.64	4.58	4.6	4.63	4.55	4.51	4.63	5.11	6.22	8.11	10.85	13.84	17.02	20.39	23.63	26.82	29.73	32.5	35.0	37.52
04C_w	54.45	72.72	78.17	80.09	81.49	82.34	83.47	83.97	84.67	85.14	85.55	85.7	85.8	85.78	85.82	85.69	85.55	85.42	85.47	85.63	85.6	85.82	86.12	86.52	87.23	87.75	88.22	88.35	88.67	88.53	88.72
04D_b	5.2	5.2	5.13	5.1	5.09	5.07	5.06	5.02	5.0	5.0	4.99	4.98	4.97	4.95	4.95	4.93	4.95	4.96	4.99	4.99	4.97	5.0	5.0	5.0	5.0	4.99	4.99	4.97	5.0	4.99	5.01
04D_ob	3.58	3.56	3.5	3.48	3.46	3.43	3.41	3.38	3.36	3.31	3.28	3.23	3.19	3.2	3.21	3.18	3.17	3.25	3.4	3.72	4.28	5.25	6.36	7.36	8.13	8.64	8.98	9.18	9.31	9.46	9.55
04D_ow	3.54	3.52	3.46	3.44	3.41	3.4	3.38	3.35	3.29	3.27	3.23	3.17	3.14	3.17	3.19	3.17	3.16	3.26	3.44	3.77	4.34	5.34	6.49	7.68	8.84	9.8	10.68	11.41	12.15	12.89	13.6
04D_w	52.4	71.54	77.65	79.59	81.06	81.96	83.03	83.59	84.25	84.66	85.23	85.31	85.46	85.39	85.5	85.39	85.25	85.12	85.14	85.3	85.33	85.45	85.79	86.19	86.92	87.36	87.83	87.95	88.23	88.19	88.3
04E_b	5.21	5.2	5.14	5.1	5.08	5.05	5.05	5.02	4.99	4.99	4.97	4.97	4.95	4.93	4.92	4.92	4.93	4.95	4.96	4.97	4.93	4.96	4.97	4.97	4.97	4.96	4.95	4.95	4.97	4.95	4.97
04E_ob	4.12	4.08	4.01	4.0	3.96	3.96	3.95	3.92	3.92	3.9	3.89	3.89	3.89	3.88	3.89	3.88	3.89	3.94	4.05	4.29	4.64	5.1	5.39	5.53	5.59	5.58	5.57	5.51	5.48	5.44	5.42
04E_ow	4.18	4.16	4.1	4.08	4.05	4.04	4.02	4.0	4.0	3.98	3.96	3.97	3.96	3.96	3.96	3.94	3.96	4.01	4.1	4.32	4.63	5.07	5.34	5.46	5.53	5.51	5.49	5.46	5.43	5.41	5.39
04E_w	54.98	73.08	78.47	80.36	81.64	82.65	83.63	84.25	84.88	85.31	85.86	85.97	86.01	85.98	86.12	85.97	85.81	85.64	85.65	85.81	85.72	85.99	86.31	86.69	87.48	87.9	88.42	88.56	88.83	88.77	89.0
04F_b	5.22	5.22	5.15	5.11	5.12	5.08	5.07	5.04	5.02	5.01	5.0	5.0	4.99	4.96	4.95	4.93	4.95	4.96	4.99	4.99	4.98	4.99	5.0	5.0	5.01	5.0	5.01	5.0	5.03	5.01	5.03
04F_ob	55.02	56.1	55.45	54.16	52.7	50.67	48.49	45.88	43.09	41.16	39.45	37.37	35.65	35.81	36.74	35.78	34.18	35.78	42.11	50.45	57.04	61.38	63.16	63.9	64.23	64.09	63.88	63.44	63.17	62.72	62.27
04F_ow	55.05	56.24	55.56	54.31	52.88	50.83	48.7	46.06	43.23	41.32	39.65	37.48	35.76	36.02	36.9	35.97	34.4	35.95	42.77	52.67	62.63	70.86	76.17	79.77	82.42	84.1	85.29	86.05	86.75	87.06	87.49
04F_w	50.83	69.35	75.64	78.01	79.56	80.69	81.84	82.63	83.41	83.95	84.52	84.67	84.68	84.67	84.58	84.39	84.13	83.95	83.97	84.06	84.08	84.38	84.93	85.58	86.36	86.95	87.45	87.71	88.02	88.03	88.14
05A_b	5.18	5.17	5.1	5.08	5.05	5.04	5.03	5.0	4.97	4.97	4.96	4.95	4.94	4.91	4.91	4.91	4.92	4.93	4.96	4.96	4.94	4.97	4.96	4.98	4.97	4.97	4.98	4.96	5.0	4.97	5.0
05A_ob	5.1	5.2	5.03	5.07	5.14	5.14	5.17	5.13	5.14	5.16	5.17	5.13	5.25	5.4	5.84	7.84	14.98	28.38	44.52	57.19	64.08	68.52	70.68	72.32	73.66	74.61	75.56	76.13	76.85	77.45	77.94
05A_ow	5.12	5.21	5.07	5.07	5.16	5.17	5.18	5.15	5.16	5.16	5.17	5.13	5.25	5.41	5.84	7.79	14.83	28.22	44.46	57.32	64.55	69.21	71.86	73.8	75.56	76.83	78.3	79.25	80.31	81.23	82.14
05A_w	51.82	70.39	76.28	78.41	79.91	80.97	82.0	82.7	83.52	83.95	84.53	84.69	84.78	84.7	84.86	84.75	84.56	84.33	84.38	84.55	84.55	84.86	85.22	85.81	86.5	87.02	87.56	87.86	88.08	88.06	88.33
05B_b	5.24	5.23	5.16	5.13	5.12	5.09	5.09	5.05	5.03	5.02	5.01	5.0	4.99	4.96	4.96	4.96	4.96	4.98	5.0	5.01	4.99	5.01	5.02	5.03	5.03	5.03	5.02	5.01	5.05	5.04	5.07
05B_ob	46.46	46.09	45.02	44.08	43.11	42.15	41.41	40.45	39.72	39.09	38.38	37.78	37.41	37.31	38.49	43.33	53.61	64.11	69.88	71.44	71.44	71.61	71.19	70.77	70.46	69.89	69.56	68.91	68.61	68.07	67.67
05B_ow	46.41	46.16	44.98	44.08	43.13	42.17	41.4	40.47	39.72	39.07	38.38	37.78	37.45	37.34	38.51	43.33	54.53	68.72	79.48	84.2	85.58	86.58	87.09	87.64	88.28	88.55	89.05	89.2	89.37	89.38	89.51
05B_w	52.99	70.73	76.22	78.61	80.08	81.31	82.49	83.27	83.96	84.5	85.12	85.18	85.26	85.11	85.09	84.96	84.66	84.38	84.42	84.49	84.53	84.94	85.46	86.19	86.9	87.56	88.08	88.39	88.64	88.56	88.72
05C_b	5.22	5.21	5.14	5.11	5.09	5.05	5.07	5.03	5.0	4.99	4.97	4.96	4.96	4.93	4.92	4.92	4.93	4.95	4.97	4.97	4.95	4.97	4.96	4.97	4.97	4.96	4.96	4.94	4.97	4.95	4.99
05C_ob	18.07	17.05	16.07	15.38	14.84	14.31	13.87	13.4	13.04	12.75	12.44	12.16	12.08	12.17	12.98	16.5	26.64	42.32	57.24	65.42	68.11	69.48	69.71	69.88	69.94	69.88	69.75	69.51	69.53	69.28	69.16
05C_ow	18.05	17.09	16.09	15.4	14.9	14.34	13.9	13.44	13.07	12.78	12.48	12.18	12.11	12.2	13.01	16.54	26.55	42.4	59.31	70.97	76.49	79.53	81.11	82.34	83.49	84.31	85.16	85.71	86.38	86.64	87.05
05C_w	51.13	69.47	75.59	77.87	79.48	80.64	81.81	82.44	83.3	83.89	84.37	84.58	84.64	84.56	84.56	84.44	84.17	83.94	83.96	84.09	84.11	84.56	85.02	85.72	86.49	87.0	87.56	87.81	88.08	88.08	88.22
05D_b	5.24	5.23	5.15	5.14	5.1	5.08	5.08	5.05	5.02	5.03	5.0	5.0	4.99	4.95	4.96	4.96	4.97	4.97	5.0	5.02	4.99	5.01	5.01	5.03	5.01	5.01	5.03	5.03	5.05	5.03	5.07
05D_ob	5.51	5.55	5.45	5.42	5.5	5.47	5.47	5.42	5.42	5.42	5.43	5.41	5.5	5.64	6.13	8.3	15.58	28.42	41.74	49.31	51.83	53.29	53.77	53.99	54.32	54.35	54.54	54.4	54.67	54.6	54.63
05D_ow	5.47	5.58	5.41	5.42	5.49	5.48	5.47	5.42	5.42	5.42	5.43	5.39	5.5	5.65	6.13	8.25	15.44	28.65	44.48	55.85	61.2	64.23	65.75	66.89	67.97	68.81	69.61	70.03	70.77	71.13	71.55
05D_w	52.84	70.29	75.94	78.17	79.86	81.02	82.27	82.94	83.85	84.42	84.87	85.11	85.16	85.08	85.11	84.89	84.64	84.42	84.41	84.58	84.54	85.02	85.56	86.19	86.99	87.61	88.08	88.36	88.66	88.56	88.8
05E_b	5.21	5.21	5.12	5.1	5.09	5.04	5.05	5.02	4.99	4.99	4.97	4.96	4.94	4.92	4.92	4.91	4.92	4.93	4.96	4.96	4.93	4.96	4.96	4.97	4.96	4.95	4.95	4.94	4.97	4.95	5.0
05E_ob	5.3	5.28	5.2	5.2	5.18	5.17	5.17	5.14	5.14	5.14	5.14	5.14	5.21	5.29	5.65	7.11	10.62	14.53	16.77	17.51	17.64	17.97	17.99	18.02	18.07	18.09	18.14	18.07	18.15	18.18	18.23
05E_ow	5.29	5.29	5.19	5.18	5.19	5.17	5.17	5.14	5.13	5.13	5.15	5.16	5.21	5.29	5.64	7.09	10.53	14.35	16.6	17.37	17.55	17.86	17.91	17.97	18.02	18.07	18.13	18.08	18.2	18.22	18.27
05E_w	52.58	70.22	75.89	78.17	79.76	80.94	82.22	82.92	83.74	84.3	84.9	85.0	85.16	84.97	85.07	84.95	84.65	84.39	84.48	84.58	84.56	85.03	85.54	86.18	87.02	87.53	88.22	88.36	88.66	88.63	88.81
06A_b	5.23	5.21	5.16	5.13	5.1	5.08	5.07	5.04	5.02	5.01	4.99	5.0	4.97	4.95	4.93	4.93	4.95	4.96	4.99	4.99	4.96	4.99	5.0	4.99	4.99	4.98	4.97	4.97	5.0	4.97	5.01
06A_ob	6.84	6.88	6.66	6.63	6.63	6.6	6.58	6.54	6.52	6.54	6.59	6.65	6.79	6.96	7.19	7.5	8.3	9.8	13.31	20.27	30.56	41.48	48.45	52.02	53.94	54.94	55.63	55.95	56.38	56.68	56.95
06A_ow	6.83	6.86	6.66	6.62	6.63	6.59	6.58	6.52	6.51	6.54	6.61	6.64	6.78	6.96	7.18	7.49	8.27	9.79	13.22	20.13	30.45	41.31	48.3	51.88	53.77	54.83	55.45	55.8	56.23	56.53	56.81
06A_w	52.45	70.11	76.05	78.36	80.06	81.25	82.56	83.27	84.16	84.72	85.17	85.42	85.45	85.37	85.38	85.11	84.92	84.76	84.75	84.82	84.8	85.13	85.67	86.25	87.02	87.63	88.12	88.39	88.66	88.63	88.81
06B_b	5.26	5.29	5.18	5.17	5.15	5.11	5.11	5.07	5.05	5.04	5.03	5.02	5.01	4.97	4.97	4.96	4.97	4.98	5.01	5.02	4.99	5.0	5.01	5.0	5.01	5.0	5.0	5.0	5.03	5.01	5.03
06B_ob	36.87	36.16	35.08	34.17	33.3	32.56	31.85	31.18	30.59	30.12	29.76	29.54	29.41	29.45	29.61	29.99	31.18	33.8	39.2	48.31	58.43	65.94	68.8	69.53	69.75	69.66	69.47	68.92	68.84	68.49	68.17
06B_ow	37.28	36.57	35.38	34.5	33.75	32.89	32.23	31.56	30.91	30.5	30.11	29.87	29.82	29.82	30.02	30.4	31.65	34.31	39.91	49.77	62.2	72.61	77.55	79.74	81.09	81.86	82.44	82.59	82.96	83.06	83.26
06B_w	52.55	70.46	76.33	78.58	80.25	81.4	82.65	83.34	84.19	84.77	85.27	85.53	85.48	85.41	85.42	85.14	84.93	84.8	84.72	84.85	84.85	85.18	85.67	86.28	87.08	87.69	88.2	88.47	88.73	88.72	88.89
06C_b	5.05	5.04	5.0	4.96	4.95	4.92	4.92	4.89	4.87	4.88	4.86	4.84	4.84	4.82	4.81	4.79	4.81	4.83	4.86	4.87	4.84	4.87	4.88	4.87	4.89	4.88	4.88	4.88	4.91	4.89	4.92
06C_ob	14.89	14.26	13.58	13.11	12.77	12.43	12.15	11.83	11.62	11.48	11.41	11.4	11.49	11.64	11.87	12.24	13.22	15.2	19.66	28.1	40.04	51.58	58.15	61.1	62.63	63.29	63.73	63.76	64.05	64.14	64.25
06C_ow	14.89	14.29	13.57	13.11	12.78	12.41	12.14	11.85	11.61	11.47	11.42	11.38	11.48	11.63	11.85	12.23	13.18	15.17	19.57	28.01	39.83	51.53	58.58	62.0	63.84	64.88	65.5	65.76	66.25	66.49	66.69
06C_w	52.85	70.59	76.47	78.68	80.45	81.51	82.81	83.5	84.34	84.86	85.42	85.59	85.61	85.58	85.55	85.31	85.08	84.93	84.91	84.96	84.95	85.31	85.83	86.39	87.17	87.77	88.34	88.53	88.81	88.83	88.94
06D_b	5.21	5.2	5.12	5.11	5.08	5.05	5.05	5.02	5.0	4.99	4.97	4.96	4.94	4.92	4.91	4.91	4.92	4.93	4.96	4.96	4.93	4.96	4.96	4.97	4.96	4.95	4.96	4.93	4.97	4.95	4.99
06D_ob	6.72	6.68	6.51	6.47	6.44	6.41	6.38	6.34	6.31	6.33	6.37	6.38	6.49	6.61	6.79	7.05	7.67	8.98	12.05	18.18	26.85	35.09	39.43	41.3	42.32	42.65	43.08	43.08	43.31	43.45	43.61
06D_ow	6.71	6.7	6.51	6.47	6.45	6.41	6.38	6.34	6.32	6.33	6.38	6.39	6.5	6.61	6.8	7.04	7.67	9.01	12.07	18.16	26.86	35.15	39.49	41.45	42.41	42.76	43.22	43.17	43.48	43.6	43.73
06D_w	50.98	69.52	75.69	77.91	79.57	80.66	81.82	82.52	83.39	83.92	84.44	84.61	84.72	84.56	84.57	84.45	84.22	83.96	84.01	84.14	84.08	84.5	85.02	85.67	86.45	86.95	87.53	87.81	88.03	88.0	88.25
06E_b	5.19	5.18	5.08	5.08	5.04	5.03	5.01	4.99	4.96	4.96	4.96	4.93	4.92	4.9	4.88	4.88	4.91	4.91	4.94	4.95	4.91	4.95	4.94	4.95	4.95	4.93	4.93	4.92	4.96	4.92	4.96
06E_ob	6.55	6.5	6.36	6.3	6.29	6.24	6.21	6.18	6.17	6.18	6.22	6.25	6.33	6.42	6.58	6.79	7.3	8.33	10.53	14.13	17.79	20.33	21.23	21.53	21.71	21.76	21.84	21.81	21.86	21.91	21.98
06E_ow	6.57	6.5	6.34	6.29	6.24	6.17	6.14	6.1	6.08	6.08	6.09	6.13	6.19	6.26	6.41	6.61	7.08	8.09	10.29	13.88	17.6	20.19	21.09	21.4	21.57	21.59	21.67	21.64	21.7	21.73	21.77
06E_w	51.05	69.56	75.61	78.02	79.59	80.63	81.87	82.56	83.38	83.94	84.47	84.62	84.75	84.64	84.67	84.56	84.3	84.08	84.13	84.19	84.19	84.59	85.09	85.73	86.48	86.98	87.56	87.81	88.08	88.07	88.22
07A_b	5.3	5.29	5.21	5.2	5.17	5.14	5.13	5.09	5.08	5.08	5.05	5.04	5.03	5.0	4.99	4.99	5.0	5.01	5.04	5.04	5.0	5.04	5.03	5.04	5.03	5.03	5.01	5.0	5.04	5.0	5.04
07A_ob	69.77	75.61	78.58	80.67	81.52	81.77	81.75	81.61	81.15	80.87	80.47	79.83	79.34	78.64	78.38	77.94	77.41	76.81	76.36	75.92	75.31	75.27	74.76	74.28	73.95	73.31	73.02	72.22	71.95	71.42	71.03
07A_ow	69.74	75.81	79.44	82.11	83.89	84.9	85.85	86.27	86.81	87.11	87.28	87.36	87.3	87.06	87.16	86.98	86.79	86.63	86.48	86.56	86.37	86.74	86.84	87.07	87.58	87.73	88.13	87.98	88.17	88.16	88.22
07A_w	53.42	71.38	76.86	79.01	80.64	81.71	82.77	83.56	84.25	84.8	85.32	85.42	85.52	85.36	85.45	85.33	85.07	84.85	84.88	85.05	85.0	85.29	85.7	86.23	87.01	87.51	88.17	88.37	88.66	88.6	88.84
07B_b	5.17	5.17	5.07	5.06	5.03	5.0	5.0	4.97	4.95	4.96	4.93	4.93	4.92	4.88	4.88	4.88	4.89	4.91	4.92	4.94	4.92	4.94	4.95	4.95	4.96	4.95	4.96	4.94	4.97	4.96	4.99
07B_ob	65.8	70.47	72.86	74.07	74.49	74.33	74.25	73.67	73.24	72.66	72.08	71.42	70.69	70.0	69.46	68.83	68.22	67.62	67.0	66.48	65.72	65.7	65.06	64.5	63.98	63.41	62.92	62.15	61.67	61.15	60.58
07B_ow	65.87	71.4	74.88	77.45	79.31	80.47	81.58	82.12	82.73	83.06	83.45	83.53	83.53	83.49	83.62	83.5	83.44	83.36	83.31	83.43	83.28	83.66	83.78	83.89	84.33	84.45	84.78	84.69	84.89	84.86	84.97
07B_w	52.36	71.61	77.92	79.85	81.19	82.19	83.16	83.74	84.44	84.86	85.33	85.45	85.57	85.56	85.6	85.44	85.33	85.22	85.22	85.33	85.31	85.61	85.81	86.3	86.94	87.47	87.86	88.07	88.22	88.16	88.36
07C_b	5.24	5.22	5.14	5.13	5.11	5.08	5.09	5.04	5.02	5.01	5.01	4.99	4.98	4.95	4.95	4.95	4.96	4.97	5.0	5.0	4.98	5.0	5.0	5.0	5.01	5.0	5.0	5.0	5.02	5.0	5.04
07C_ob	47.33	47.37	46.52	45.85	45.05	44.31	43.67	43.15	42.47	42.06	41.56	40.97	40.52	40.04	39.76	39.38	39.0	38.65	38.28	37.99	37.62	37.79	37.45	37.18	36.9	36.57	36.33	35.93	35.73	35.42	35.21
07C_ow	47.81	47.84	47.08	46.38	45.68	44.94	44.28	43.73	43.13	42.66	42.24	41.72	41.26	40.8	40.51	40.2	39.84	39.41	39.16	38.91	38.54	38.7	38.39	38.12	37.92	37.55	37.44	37.01	36.9	36.59	36.4
07C_w	53.05	70.69	76.26	78.63	80.22	81.43	82.48	83.38	84.13	84.6	85.3	85.36	85.44	85.32	85.35	85.27	84.94	84.68	84.66	84.84	84.8	85.18	85.69	86.36	87.08	87.72	88.24	88.45	88.74	88.63	88.86
07D_b	5.21	5.21	5.12	5.12	5.07	5.05	5.05	5.02	5.0	4.99	4.97	4.96	4.95	4.92	4.92	4.91	4.93	4.95	4.96	4.97	4.94	4.97	4.97	4.99	4.96	4.96	4.96	4.94	4.99	4.96	4.99
07D_ob	29.14	28.19	27.18	26.45	25.7	25.06	24.59	24.05	23.61	23.29	22.84	22.52	22.18	21.84	21.63	21.37	21.09	20.84	20.66	20.5	20.21	20.28	20.09	19.91	19.77	19.61	19.45	19.2	19.15	18.97	18.84
07D_ow	29.11	28.08	27.12	26.37	25.61	25.0	24.5	24.0	23.56	23.18	22.82	22.45	22.13	21.79	21.56	21.33	21.06	20.79	20.62	20.42	20.17	20.24	20.05	19.87	19.74	19.57	19.43	19.16	19.11	18.93	18.81
07D_w	52.98	70.58	76.21	78.45	80.08	81.22	82.41	83.16	84.04	84.6	85.14	85.28	85.31	85.22	85.25	85.08	84.83	84.61	84.58	84.73	84.72	85.09	85.59	86.25	87.09	87.59	88.17	88.33	88.63	88.56	88.74
07E_b	5.22	5.22	5.14	5.13	5.09	5.07	5.07	5.04	5.01	5.01	4.99	4.99	4.96	4.94	4.93	4.93	4.95	4.96	4.99	4.99	4.96	4.99	4.97	5.0	4.99	4.98	4.96	4.96	5.0	4.97	5.0
07E_ob	8.46	8.03	7.63	7.39	7.17	6.97	6.84	6.71	6.59	6.49	6.41	6.33	6.24	6.17	6.13	6.08	6.02	5.97	5.94	5.91	5.87	5.9	5.87	5.85	5.83	5.79	5.77	5.72	5.73	5.69	5.68
07E_ow	8.41	7.99	7.6	7.37	7.14	6.96	6.82	6.7	6.57	6.47	6.39	6.3	6.22	6.16	6.11	6.06	6.01	5.96	5.92	5.89	5.84	5.88	5.87	5.83	5.83	5.77	5.76	5.71	5.71	5.69	5.67
07E_w	51.05	69.55	75.76	77.94	79.55	80.61	81.89	82.56	83.39	83.92	84.53	84.69	84.75	84.7	84.74	84.63	84.34	84.14	84.13	84.29	84.25	84.67	85.11	85.79	86.53	87.13	87.64	87.81	88.11	88.06	88.27
07F_b	5.28	5.27	5.21	5.18	5.17	5.13	5.13	5.1	5.07	5.08	5.05	5.04	5.03	5.0	5.0	5.0	5.0	5.02	5.04	5.04	5.01	5.04	5.04	5.04	5.04	5.04	5.04	5.01	5.05	5.03	5.07
07F_ob	5.57	5.39	5.21	5.12	5.04	4.95	4.91	4.86	4.79	4.77	4.74	4.7	4.67	4.63	4.62	4.61	4.58	4.56	4.55	4.54	4.53	4.57	4.55	4.55	4.54	4.53	4.53	4.5	4.51	4.5	4.5
07F_ow	5.5	5.34	5.16	5.06	4.97	4.91	4.86	4.8	4.75	4.72	4.68	4.64	4.62	4.59	4.58	4.55	4.53	4.51	4.51	4.5	4.48	4.52	4.5	4.5	4.49	4.49	4.47	4.45	4.46	4.44	4.45
07F_w	51.18	69.81	75.94	78.27	79.76	80.94	82.06	82.83	83.58	84.16	84.77	84.86	84.94	84.86	84.89	84.77	84.52	84.26	84.3	84.39	84.38	84.76	85.27	85.86	86.63	87.14	87.7	87.89	88.23	88.15	88.31
08A_b	5.23	5.22	5.16	5.12	5.09	5.08	5.07	5.03	5.0	5.0	4.99	4.98	4.95	4.93	4.93	4.92	4.93	4.96	4.96	4.99	4.96	4.97	4.98	4.97	4.99	4.97	4.96	4.96	4.99	4.96	5.0
08A_ob	79.27	80.36	80.84	80.97	81.0	80.59	80.53	79.91	79.74	79.32	78.91	78.57	78.06	77.55	77.22	76.78	76.37	75.94	75.48	75.13	74.55	74.53	74.09	73.61	73.38	72.92	72.49	71.94	71.67	71.24	70.81
08A_ow	80.6	83.33	85.05	86.27	87.22	87.67	88.47	88.56	89.12	89.3	89.61	89.63	89.66	89.58	89.59	89.38	89.23	89.14	89.0	89.01	88.84	89.06	89.25	89.52	89.95	90.24	90.57	90.54	90.84	90.77	90.82
08A_w	52.38	69.97	75.99	78.28	80.05	81.23	82.52	83.27	84.17	84.72	85.22	85.49	85.5	85.42	85.42	85.14	84.95	84.75	84.75	84.82	84.8	85.2	85.73	86.35	87.13	87.79	88.33	88.46	88.78	88.73	88.89
08B_b	5.25	5.21	5.14	5.13	5.09	5.08	5.08	5.04	5.01	5.03	5.0	4.99	4.97	4.95	4.95	4.93	4.96	4.97	5.0	5.0	4.98	5.0	4.99	5.0	5.01	4.99	5.0	4.98	5.02	4.99	5.03
08B_ob	48.99	49.3	49.37	49.41	49.41	49.23	49.18	48.94	48.8	48.65	48.44	48.23	47.99	47.73	47.63	47.46	47.24	47.0	46.83	46.76	46.44	46.76	46.52	46.4	46.23	45.99	45.91	45.58	45.49	45.28	45.14
08B_ow	48.83	49.24	49.2	49.31	49.21	49.11	48.98	48.9	48.72	48.53	48.38	48.17	47.97	47.69	47.6	47.51	47.27	47.06	46.93	46.84	46.62	46.94	46.73	46.65	46.52	46.34	46.31	45.98	46.02	45.81	45.73
08B_w	53.59	71.53	77.06	79.22	80.7	81.81	82.91	83.64	84.38	84.89	85.36	85.52	85.6	85.47	85.58	85.45	85.16	85.02	84.97	85.16	85.04	85.44	85.81	86.39	87.14	87.64	88.25	88.5	88.78	88.6	88.86
08C_b	5.28	5.25	5.17	5.17	5.12	5.11	5.11	5.07	5.05	5.05	5.03	5.01	5.01	4.98	4.96	4.97	4.99	5.0	5.02	5.03	5.0	5.03	5.02	5.04	5.03	5.03	5.01	5.01	5.04	5.01	5.05
08C_ob	17.84	17.68	17.43	17.32	17.14	16.95	16.82	16.69	16.5	16.38	16.25	16.08	15.95	15.78	15.71	15.59	15.46	15.34	15.23	15.15	15.01	15.13	15.03	14.93	14.86	14.77	14.69	14.54	14.5	14.4	14.35
08C_ow	18.62	18.52	18.3	18.18	18.03	17.84	17.73	17.59	17.43	17.32	17.19	17.05	16.91	16.75	16.68	16.59	16.45	16.32	16.25	16.18	16.02	16.15	16.05	15.97	15.91	15.82	15.77	15.58	15.6	15.49	15.44
08C_w	51.65	70.47	76.5	78.72	80.14	81.22	82.27	83.03	83.71	84.19	84.75	84.92	85.03	84.9	85.06	85.0	84.75	84.55	84.61	84.72	84.69	85.0	85.32	85.87	86.63	87.05	87.64	87.77	88.06	88.01	88.22
08D_b	5.22	5.22	5.13	5.12	5.09	5.06	5.06	5.03	5.0	5.0	4.98	4.97	4.96	4.93	4.92	4.92	4.94	4.95	4.97	4.98	4.94	4.98	4.97	4.99	4.97	4.97	4.96	4.95	4.99	4.96	5.0
08D_ob	16.81	16.77	16.13	15.47	14.77	13.91	12.91	11.82	10.69	9.97	9.45	8.77	8.29	8.36	8.7	8.48	8.04	8.5	10.82	15.51	22.2	29.73	36.07	41.54	46.38	50.2	53.59	55.83	58.0	59.51	60.87
08D_ow	16.91	16.88	16.26	15.57	14.9	14.01	13.03	11.91	10.77	10.06	9.53	8.85	8.37	8.45	8.78	8.59	8.12	8.6	10.98	15.73	22.39	29.91	36.3	41.83	46.7	50.91	54.63	57.53	60.41	62.66	64.83
08D_w	51.84	70.66	76.66	78.73	80.23	81.22	82.36	83.0	83.72	84.26	84.77	84.9	84.97	84.89	84.99	84.9	84.62	84.46	84.49	84.7	84.56	84.94	85.28	85.83	86.55	87.08	87.65	87.81	88.16	88.17	88.33
08E_b	5.22	5.21	5.14	5.12	5.09	5.07	5.07	5.04	5.01	5.01	5.0	4.99	4.97	4.95	4.95	4.95	4.96	4.96	4.99	5.0	4.97	5.0	5.0	5.01	5.0	5.0	5.0	5.0	5.02	5.0	5.04
08E_ob	37.39	34.11	31.47	30.3	30.83	32.84	36.03	39.31	42.83	46.47	50.27	51.55	49.06	44.59	39.47	34.37	29.86	26.27	23.57	21.53	20.14	19.56	19.02	18.88	19.26	20.22	21.18	22.34	24.98	27.57	29.23
08E_ow	37.53	34.08	31.47	30.3	30.87	32.88	36.07	39.39	42.99	46.74	50.81	52.16	49.59	44.92	39.64	34.42	29.88	26.31	23.55	21.55	20.14	19.6	19.05	18.88	19.29	20.22	21.18	22.37	25.04	27.69	29.39
08E_w	51.81	70.52	76.6	78.83	80.25	81.31	82.45	83.1	83.81	84.34	84.88	84.96	85.09	84.97	85.11	84.99	84.8	84.56	84.6	84.75	84.72	85.0	85.36	85.94	86.66	87.2	87.72	87.94	88.28	88.25	88.42
08F_b	5.24	5.21	5.13	5.12	5.11	5.07	5.07	5.04	5.0	5.01	4.99	4.98	4.97	4.95	4.93	4.94	4.95	4.96	4.99	4.99	4.96	4.99	4.99	5.0	4.99	4.98	4.97	4.96	5.0	4.97	5.01
08F_ob	56.78	59.97	63.16	65.07	65.88	65.53	65.27	62.8	61.42	62.68	58.73	49.45	38.58	29.78	23.77	21.29	19.49	17.23	15.91	15.65	15.94	16.55	16.19	16.56	19.18	25.25	35.63	47.53	57.81	63.55	65.89
08F_ow	56.84	60.28	63.67	66.25	67.22	67.2	66.97	64.25	62.77	64.44	60.14	49.88	38.74	29.79	23.82	21.36	19.55	17.27	15.97	15.7	15.97	16.6	16.25	16.61	19.23	25.33	35.84	49.07	63.79	75.64	82.56
08F_w	51.74	70.69	76.73	78.94	80.42	81.43	82.49	83.17	83.9	84.36	84.97	85.03	85.15	85.09	85.17	85.06	84.85	84.66	84.64	84.8	84.79	85.03	85.37	85.95	86.56	87.12	87.66	87.87	88.2	88.11	88.33
08G_b	5.11	5.08	5.01	5.0	4.98	4.95	4.96	4.92	4.91	4.92	4.89	4.89	4.88	4.86	4.86	4.86	4.87	4.88	4.91	4.91	4.89	4.92	4.91	4.92	4.92	4.92	4.91	4.91	4.93	4.91	4.95
08G_ob	9.2	9.13	8.89	8.82	8.98	9.1	9.19	9.28	9.48	9.68	10.89	14.9	25.23	38.63	51.49	60.33	65.15	67.6	69.13	70.26	71.05	72.31	72.89	73.5	74.14	74.47	74.86	74.95	75.27	75.39	75.45
08G_ow	9.19	9.16	8.85	8.85	9.0	9.1	9.23	9.32	9.5	9.69	10.85	14.9	25.27	38.64	51.56	60.42	65.39	68.06	69.78	71.14	72.08	73.52	74.41	75.28	76.25	76.98	77.72	78.14	78.74	79.14	79.5
08G_w	51.77	70.59	76.64	78.85	80.33	81.3	82.44	83.17	83.82	84.36	84.89	85.0	85.13	85.03	85.14	85.05	84.83	84.64	84.63	84.78	84.77	85.01	85.37	85.91	86.66	87.1	87.72	87.89	88.25	88.19	88.36
09A_b	5.21	5.22	5.13	5.1	5.09	5.06	5.05	5.02	4.99	4.99	4.96	4.96	4.95	4.92	4.92	4.91	4.93	4.95	4.96	4.96	4.94	4.96	4.97	4.96	4.97	4.96	4.96	4.95	4.98	4.97	5.0
09A_ob	6.7	6.08	5.67	5.5	5.5	5.67	6.03	6.43	7.04	7.82	8.82	9.13	8.22	6.96	5.89	5.17	4.71	4.42	4.26	4.14	4.08	4.06	4.04	4.02	4.04	4.07	4.09	4.14	4.29	4.46	4.58
09A_ow	6.75	6.09	5.72	5.52	5.55	5.74	6.13	6.55	7.18	8.01	9.1	9.47	8.52	7.17	6.05	5.3	4.84	4.54	4.37	4.26	4.18	4.18	4.15	4.13	4.15	4.17	4.2	4.25	4.41	4.56	4.68
09A_w	53.22	72.61	78.54	80.35	81.69	82.46	83.47	83.93	84.63	85.03	85.41	85.57	85.6	85.6	85.66	85.5	85.33	85.28	85.24	85.42	85.36	85.58	85.89	86.31	86.97	87.47	87.9	88.02	88.34	88.22	88.42
09B_b	5.25	5.24	5.16	5.13	5.11	5.08	5.08	5.04	5.02	5.01	5.0	5.0	4.97	4.95	4.93	4.94	4.95	4.97	4.99	5.0	4.96	4.99	4.98	5.0	4.99	4.97	4.99	4.96	5.0	4.97	5.0
09B_ob	46.67	43.22	39.8	37.91	37.76	39.49	42.41	45.38	48.64	52.07	55.56	56.69	53.98	49.28	43.96	38.58	33.67	29.78	26.75	24.47	22.84	22.2	21.56	21.31	21.66	22.59	23.68	24.73	27.45	30.09	31.79
09B_ow	46.63	43.3	39.72	37.91	37.71	39.52	42.43	45.47	48.61	52.19	56.01	57.16	54.44	49.48	44.03	38.63	33.7	29.8	26.73	24.48	22.88	22.22	21.54	21.34	21.65	22.61	23.61	24.75	27.48	30.16	31.87
09B_w	51.27	69.81	75.95	78.25	79.81	81.0	82.13	82.87	83.72	84.22	84.8	84.88	84.98	84.9	84.95	84.79	84.52	84.31	84.28	84.45	84.36	84.83	85.28	85.89	86.72	87.19	87.82	87.95	88.33	88.28	88.45
09C_b	5.1	5.11	5.04	5.01	5.0	4.97	4.97	4.95	4.92	4.92	4.92	4.89	4.89	4.86	4.86	4.87	4.88	4.89	4.92	4.92	4.9	4.92	4.92	4.93	4.93	4.92	4.92	4.91	4.94	4.93	4.96
09C_ob	22.02	18.36	15.75	14.49	14.46	15.55	17.56	19.7	22.39	25.41	28.85	30.02	27.45	23.25	18.97	15.32	12.54	10.62	9.33	8.51	7.96	7.77	7.61	7.59	7.75	8.11	8.5	8.97	10.13	11.36	12.2
09C_ow	22.07	18.39	15.82	14.53	14.51	15.6	17.59	19.75	22.43	25.44	28.91	30.07	27.5	23.29	19.0	15.36	12.57	10.65	9.37	8.54	8.0	7.8	7.64	7.62	7.79	8.14	8.54	9.02	10.18	11.42	12.25
09C_w	51.16	69.83	76.09	78.37	79.92	81.1	82.19	82.94	83.77	84.26	84.83	85.0	85.06	84.95	84.97	84.87	84.6	84.36	84.33	84.48	84.45	84.84	85.39	86.06	86.72	87.31	87.89	88.11	88.45	88.36	88.56
09D_b	5.24	5.22	5.16	5.13	5.11	5.09	5.08	5.04	5.03	5.02	4.99	4.99	4.99	4.95	4.94	4.95	4.95	4.96	4.99	5.0	4.96	4.99	4.99	5.0	4.99	4.99	4.97	4.96	4.99	4.97	5.01
09D_ob	7.13	6.46	6.01	5.92	6.01	6.28	6.75	7.24	7.87	8.64	9.54	9.78	9.05	7.97	7.01	6.33	5.88	5.6	5.47	5.38	5.34	5.37	5.39	5.43	5.49	5.57	5.62	5.7	5.9	6.05	6.2
09D_ow	7.3	6.62	6.19	6.07	6.16	6.42	6.88	7.37	8.0	8.79	9.7	9.97	9.21	8.09	7.1	6.4	5.96	5.68	5.51	5.44	5.41	5.43	5.45	5.5	5.54	5.62	5.67	5.74	5.96	6.1	6.25
09D_w	51.17	69.75	75.89	78.23	79.84	80.89	82.15	82.88	83.69	84.2	84.78	84.88	85.05	84.89	84.94	84.83	84.53	84.33	84.27	84.43	84.39	84.85	85.3	85.99	86.77	87.27	87.8	88.06	88.42	88.28	88.5
09E_b	5.26	5.17	5.16	5.1	5.09	5.07	5.07	5.01	5.0	5.0	4.97	4.96	4.96	4.93	4.92	4.93	4.94	4.94	4.97	4.97	4.95	4.98	4.97	4.99	4.96	4.96	4.97	4.93	4.98	4.96	5.0
09E_ob	6.71	6.14	5.83	5.71	5.84	6.05	6.44	6.79	7.25	7.76	8.28	8.4	7.95	7.27	6.61	6.12	5.75	5.51	5.4	5.33	5.29	5.33	5.36	5.39	5.46	5.52	5.58	5.64	5.84	5.96	6.08
09E_ow	6.86	6.38	5.97	5.9	5.97	6.2	6.56	6.93	7.36	7.87	8.37	8.48	8.03	7.33	6.68	6.17	5.81	5.59	5.45	5.38	5.34	5.38	5.39	5.45	5.49	5.54	5.61	5.68	5.86	5.99	6.1
09E_w	51.2	69.81	76.01	78.31	79.89	81.0	82.18	82.92	83.7	84.22	84.78	84.92	85.0	84.91	84.96	84.81	84.52	84.33	84.33	84.44	84.41	84.81	85.31	85.99	86.69	87.22	87.78	88.03	88.28	88.27	88.47
10A_b	5.23	5.21	5.2	5.12	5.12	5.1	5.09	5.04	5.04	5.03	5.01	5.01	4.99	4.96	4.95	4.96	4.96	4.99	5.0	5.01	4.98	5.0	5.01	5.0	5.01	5.0	4.99	4.98	5.01	5.0	5.03
10A_ob	4.84	4.92	5.13	5.76	7.07	9.35	12.76	16.62	20.32	22.97	24.77	25.69	25.59	24.59	22.77	20.08	16.91	13.85	11.11	9.03	7.49	6.55	5.85	5.39	5.08	4.88	4.75	4.63	4.59	4.51	4.5
10A_ow	4.82	4.88	5.11	5.75	7.1	9.46	13.39	18.71	25.36	31.44	37.08	40.84	41.88	40.22	35.8	29.47	22.75	17.05	12.72	9.77	7.81	6.64	5.93	5.42	5.1	4.88	4.79	4.68	4.61	4.55	4.53
10A_w	53.81	71.74	77.44	79.5	81.11	82.16	83.38	83.93	84.79	85.27	85.77	85.97	86.05	86.01	86.06	85.86	85.66	85.58	85.55	85.67	85.64	85.94	86.25	86.81	87.45	88.06	88.53	88.68	88.97	88.94	89.08
10B_b	5.25	5.26	5.18	5.16	5.14	5.12	5.11	5.09	5.06	5.05	5.04	5.03	5.01	5.0	4.99	4.97	5.0	5.0	5.03	5.04	5.01	5.04	5.04	5.04	5.04	5.04	5.03	5.03	5.05	5.04	5.05
10B_ob	40.7	43.12	46.03	49.88	54.63	59.65	64.75	68.39	70.9	72.35	72.83	72.94	72.39	71.46	70.36	68.56	66.22	63.42	60.06	56.73	53.09	50.41	47.31	44.62	42.34	40.35	38.75	37.23	36.1	35.23	34.58
10B_ow	40.58	42.98	45.81	49.58	54.63	60.09	66.33	71.58	76.19	79.22	81.21	82.56	82.69	82.13	80.86	78.34	74.93	70.77	65.96	61.24	56.45	52.84	49.13	45.91	43.34	41.15	39.35	37.8	36.59	35.69	35.02
10B_w	53.97	71.85	77.56	79.55	81.16	82.19	83.42	83.94	84.81	85.31	85.75	86.0	86.01	86.03	86.08	85.93	85.72	85.62	85.56	85.69	85.63	85.94	86.18	86.74	87.41	88.05	88.53	88.67	88.94	88.91	89.06
10C_b	5.21	5.25	5.13	5.14	5.11	5.07	5.07	5.04	5.01	5.03	4.99	5.0	4.98	4.95	4.94	4.93	4.96	4.96	4.99	5.0	4.96	4.99	5.0	4.99	5.0	4.99	4.98	4.97	5.0	4.98	5.0
10C_ob	14.31	15.23	16.89	19.53	23.34	28.11	33.7	38.87	43.45	46.72	49.16	50.65	50.99	50.41	48.88	46.18	42.32	37.92	33.33	29.09	25.23	22.36	19.72	17.61	16.13	14.81	13.96	13.15	12.62	12.18	11.87
10C_ow	14.09	14.92	16.45	19.06	22.82	27.67	33.66	39.61	45.58	50.42	54.58	57.54	58.73	58.16	55.77	51.3	45.45	39.41	33.54	28.57	24.37	21.43	18.78	16.71	15.22	14.04	13.18	12.42	11.9	11.48	11.18
10C_w	53.48	71.26	77.11	79.17	80.85	81.88	83.15	83.75	84.58	85.15	85.6	85.84	85.91	85.92	85.97	85.78	85.56	85.42	85.41	85.59	85.5	85.8	86.14	86.56	87.33	87.89	88.44	88.55	88.83	88.75	88.94
10D_b	5.23	5.2	5.2	5.13	5.13	5.09	5.09	5.05	5.04	5.03	5.03	5.01	4.99	4.97	4.96	4.96	4.96	5.0	5.01	5.01	4.99	5.01	5.02	5.0	5.01	5.01	5.0	5.0	5.03	5.0	5.03
10D_ob	4.92	4.96	5.21	5.74	6.84	8.55	10.68	12.52	13.85	14.57	14.92	15.0	14.78	14.34	13.7	12.79	11.62	10.36	9.05	7.89	6.92	6.31	5.77	5.38	5.13	4.95	4.82	4.72	4.66	4.61	4.57
10D_ow	4.89	4.97	5.17	5.74	6.99	9.4	13.45	18.18	22.93	26.61	29.4	31.08	31.62	31.02	29.31	26.22	22.23	18.08	14.23	11.11	8.78	7.35	6.29	5.64	5.26	5.02	4.87	4.74	4.67	4.61	4.58
10D_w	53.72	71.47	77.21	79.39	80.98	81.97	83.22	83.93	84.73	85.17	85.77	85.97	85.98	85.98	86.08	85.95	85.69	85.62	85.64	85.72	85.65	85.97	86.3	86.74	87.49	88.05	88.58	88.74	89.11	88.97	89.16
10E_b	5.26	5.24	5.17	5.16	5.13	5.11	5.12	5.08	5.05	5.05	5.03	5.04	5.01	4.99	4.98	4.97	4.99	5.0	5.03	5.03	5.0	5.03	5.04	5.03	5.04	5.04	5.04	5.03	5.06	5.04	5.08
10E_ob	4.73	4.76	4.86	5.08	5.43	5.81	6.17	6.38	6.49	6.53	6.53	6.5	6.44	6.37	6.3	6.17	6.01	5.84	5.63	5.42	5.21	5.1	4.94	4.8	4.71	4.63	4.57	4.51	4.48	4.45	4.44
10E_ow	4.72	4.79	4.86	5.11	5.45	5.84	6.17	6.38	6.47	6.53	6.53	6.5	6.45	6.37	6.3	6.17	6.03	5.85	5.63	5.43	5.22	5.11	4.96	4.82	4.71	4.63	4.58	4.52	4.49	4.46	4.45
10E_w	54.06	71.89	77.64	79.72	81.25	82.28	83.45	84.09	84.92	85.35	85.91	86.03	86.08	86.13	86.14	86.04	85.86	85.72	85.74	85.89	85.78	86.06	86.41	86.8	87.54	88.06	88.52	88.75	89.05	88.97	89.14
11A_b	5.21	5.22	5.12	5.13	5.08	5.06	5.05	5.02	5.0	5.0	4.96	4.97	4.96	4.92	4.92	4.92	4.92	4.93	4.96	4.97	4.94	4.97	4.97	4.96	4.97	4.95	4.96	4.93	4.97	4.95	4.97
11A_ob	8.32	8.92	9.58	10.2	10.58	10.55	9.88	8.54	6.72	5.13	3.84	3.09	2.66	2.44	2.31	2.23	2.16	2.12	2.09	2.06	2.06	2.09	2.11	2.12	2.17	2.23	2.35	2.5	2.78	3.21	3.9
11A_ow	11.65	14.57	18.08	22.23	26.03	27.55	24.79	18.34	11.16	6.62	4.17	3.16	2.75	2.53	2.42	2.33	2.28	2.25	2.21	2.19	2.17	2.21	2.23	2.24	2.29	2.34	2.45	2.59	2.85	3.27	4.0
11A_w	55.52	73.9	79.49	81.33	82.58	83.49	84.43	84.95	85.53	85.94	86.35	86.45	86.55	86.42	86.47	86.31	86.13	86.0	85.98	86.16	86.03	86.33	86.59	86.99	87.68	88.19	88.66	88.71	89.01	88.89	89.05
11B_b	5.26	5.25	5.18	5.17	5.14	5.13	5.12	5.09	5.07	5.06	5.05	5.04	5.02	5.0	5.0	4.99	5.0	5.03	5.04	5.06	5.02	5.05	5.07	5.05	5.08	5.05	5.07	5.05	5.08	5.06	5.09
11B_ob	53.22	56.97	59.92	62.88	65.09	66.32	66.08	63.38	57.98	51.67	44.56	38.41	33.3	29.45	26.7	24.57	22.97	21.81	20.9	20.27	19.79	19.82	19.75	19.82	20.23	20.84	21.96	23.48	25.79	28.88	32.8
11B_ow	53.48	57.31	60.32	63.28	65.66	67.01	66.81	63.96	58.26	51.84	44.58	38.44	33.3	29.46	26.73	24.55	22.99	21.84	20.92	20.32	19.82	19.87	19.78	19.87	20.26	20.88	22.02	23.47	25.88	28.91	32.93
11B_w	53.74	71.86	77.64	79.76	81.25	82.33	83.47	84.05	84.84	85.3	85.82	86.0	86.03	86.03	86.03	85.85	85.66	85.51	85.53	85.67	85.53	85.8	86.17	86.61	87.31	87.94	88.41	88.56	88.83	88.74	88.96
11C_b	5.15	5.13	5.08	5.04	5.03	5.01	5.01	4.97	4.95	4.96	4.93	4.93	4.92	4.89	4.88	4.88	4.89	4.9	4.94	4.95	4.92	4.95	4.96	4.95	4.97	4.96	4.96	4.95	4.99	4.96	4.99
11C_ob	41.2	43.48	45.98	48.69	50.73	50.87	47.98	41.88	33.59	26.34	19.82	15.4	12.35	10.43	9.18	8.34	7.8	7.42	7.15	6.99	6.86	6.92	6.93	6.96	7.11	7.34	7.76	8.38	9.38	10.83	12.97
11C_ow	40.98	43.38	45.92	48.67	50.77	51.02	48.07	41.88	33.65	26.42	19.91	15.45	12.43	10.46	9.25	8.44	7.87	7.49	7.21	7.06	6.92	7.0	6.99	7.04	7.17	7.41	7.84	8.44	9.46	10.9	13.04
11C_w	55.29	73.84	79.45	81.14	82.59	83.34	84.42	84.89	85.56	85.92	86.31	86.44	86.45	86.44	86.48	86.32	86.14	86.08	86.08	86.22	86.14	86.41	86.69	87.14	87.81	88.27	88.67	88.8	89.08	88.97	89.17
11D_b	5.17	5.16	5.1	5.07	5.05	5.02	5.01	4.99	4.96	4.96	4.95	4.93	4.92	4.91	4.89	4.9	4.9	4.92	4.95	4.95	4.92	4.96	4.95	4.96	4.96	4.94	4.94	4.92	4.96	4.93	4.96
11D_ob	5.83	6.09	6.32	6.59	6.67	6.53	6.04	5.26	4.37	3.7	3.21	2.88	2.7	2.58	2.52	2.48	2.44	2.42	2.39	2.38	2.35	2.38	2.37	2.37	2.38	2.4	2.46	2.54	2.69	2.9	3.25
11D_ow	7.76	9.26	10.99	13.07	14.82	15.35	13.72	10.34	6.63	4.39	3.33	2.9	2.71	2.58	2.51	2.46	2.41	2.39	2.37	2.34	2.32	2.35	2.34	2.35	2.36	2.38	2.46	2.54	2.71	2.94	3.33
11D_w	51.29	69.95	75.95	78.31	79.9	81.08	82.22	82.95	83.77	84.28	84.89	85.0	85.13	84.97	85.03	84.92	84.62	84.38	84.39	84.5	84.52	84.92	85.3	86.04	86.86	87.3	87.89	88.07	88.42	88.38	88.55
11E_b	5.24	5.25	5.17	5.14	5.13	5.1	5.1	5.06	5.04	5.04	5.02	5.0	5.0	4.97	4.96	4.96	4.99	5.0	5.02	5.03	5.0	5.01	5.02	5.03	5.02	5.01	5.01	4.99	5.03	5.0	5.04
11E_ob	4.57	4.54	4.5	4.5	4.5	4.45	4.41	4.32	4.21	4.11	4.0	3.92	3.87	3.83	3.81	3.8	3.79	3.78	3.77	3.78	3.77	3.81	3.82	3.82	3.83	3.84	3.86	3.86	3.92	3.96	4.05
11E_ow	4.7	4.72	4.68	4.73	4.74	4.73	4.67	4.54	4.37	4.22	4.09	4.02	3.96	3.92	3.9	3.87	3.88	3.87	3.87	3.87	3.86	3.89	3.9	3.9	3.91	3.92	3.94	3.94	4.01	4.03	4.13
11E_w	51.19	69.74	75.88	78.23	79.84	81.0	82.22	82.89	83.72	84.27	84.81	85.02	85.11	85.06	85.08	84.97	84.67	84.47	84.47	84.58	84.61	84.94	85.43	86.04	86.86	87.3	87.89	88.07	88.39	88.32	88.5
12A_b	5.19	5.17	5.12	5.09	5.07	5.04	5.04	5.0	4.98	4.97	4.96	4.96	4.93	4.92	4.91	4.91	4.91	4.93	4.96	4.96	4.93	4.96	4.96	4.96	4.98	4.96	4.96	4.95	4.97	4.95	4.98
12A_ob	18.63	21.16	24.18	26.1	26.93	26.82	26.45	23.83	22.43	23.43	19.68	13.12	8.18	5.87	4.99	4.72	4.59	4.41	4.36	4.41	4.47	4.58	4.61	4.71	5.21	6.49	9.64	15.73	24.34	31.57	35.45
12A_ow	18.97	22.07	26.04	29.1	30.73	30.93	30.85	27.27	25.58	27.65	22.63	13.94	8.21	5.86	5.0	4.7	4.56	4.41	4.34	4.39	4.44	4.56	4.58	4.7	5.18	6.44	9.68	16.93	32.01	52.08	68.7
12A_w	53.03	72.63	78.82	80.66	82.05	82.8	83.8	84.25	84.94	85.28	85.69	85.84	85.81	85.82	85.85	85.72	85.58	85.44	85.47	85.66	85.58	85.86	86.11	86.51	87.18	87.61	88.07	88.22	88.44	88.33	88.58
12B_b	5.18	5.16	5.11	5.07	5.05	5.03	5.01	4.98	4.96	4.96	4.94	4.93	4.92	4.9	4.89	4.88	4.89	4.91	4.93	4.94	4.92	4.93	4.94	4.93	4.94	4.92	4.92	4.92	4.95	4.92	4.95
12B_ob	57.85	62.2	65.61	67.43	68.04	67.48	66.97	64.31	62.91	63.72	59.93	51.02	40.05	31.04	24.82	22.13	20.23	17.88	16.5	16.2	16.43	16.98	16.6	16.9	19.52	25.66	35.96	47.09	55.8	59.98	61.55
12B_ow	58.28	62.78	66.78	69.25	70.58	70.58	70.5	67.61	66.33	67.97	63.33	52.47	40.35	31.02	24.75	22.07	20.18	17.81	16.43	16.11	16.34	16.91	16.54	16.81	19.46	25.65	36.99	52.03	67.94	78.83	84.38
12B_w	55.31	73.72	79.33	81.15	82.55	83.39	84.36	84.91	85.57	85.92	86.4	86.53	86.56	86.47	86.54	86.38	86.21	86.02	86.06	86.21	86.17	86.32	86.69	87.08	87.76	88.19	88.64	88.8	89.07	88.92	89.17
12C_b	5.26	5.26	5.17	5.15	5.13	5.12	5.11	5.08	5.05	5.05	5.03	5.03	5.01	5.0	4.98	4.97	4.99	5.0	5.03	5.03	5.01	5.04	5.04	5.03	5.05	5.03	5.04	5.04	5.06	5.04	5.08
12C_ob	40.67	43.54	46.9	48.41	48.52	47.41	46.24	42.67	40.63	41.72	37.02	27.48	18.4	12.64	9.56	8.48	7.81	7.0	6.6	6.58	6.68	6.92	6.84	7.01	8.09	10.9	16.95	25.97	35.69	41.93	44.59
12C_ow	40.41	43.83	47.97	50.48	51.33	50.55	49.65	45.27	43.01	44.95	39.15	27.93	18.32	12.56	9.54	8.47	7.79	7.01	6.63	6.59	6.7	6.94	6.85	7.04	8.09	10.87	16.95	27.82	44.86	62.81	75.4
12C_w	52.77	72.27	78.55	80.36	81.76	82.52	83.64	84.05	84.81	85.2	85.61	85.73	85.75	85.75	85.78	85.61	85.48	85.38	85.41	85.52	85.47	85.68	86.0	86.4	87.06	87.53	87.98	88.21	88.44	88.34	88.56
12D_b	5.26	5.25	5.18	5.17	5.14	5.12	5.11	5.08	5.05	5.07	5.04	5.04	5.02	5.0	4.99	4.98	5.0	5.0	5.03	5.04	5.01	5.04	5.05	5.04	5.07	5.04	5.05	5.07	5.08	5.07	5.09
12D_ob	12.55	13.34	14.13	14.52	14.61	14.45	14.28	13.49	13.0	13.15	11.92	9.51	7.09	5.63	4.95	4.74	4.62	4.46	4.42	4.46	4.53	4.63	4.64	4.76	5.2	6.23	8.39	11.26	13.95	15.4	15.91
12D_ow	12.46	13.23	14.0	14.4	14.49	14.35	14.19	13.4	12.94	13.11	11.87	9.46	7.08	5.62	4.93	4.74	4.61	4.46	4.42	4.45	4.51	4.61	4.64	4.74	5.19	6.21	8.37	11.23	14.04	15.7	16.4
12D_w	55.06	73.56	79.23	81.13	82.47	83.31	84.36	84.89	85.52	85.86	86.3	86.41	86.46	86.39	86.45	86.33	86.17	86.02	86.03	86.13	86.14	86.41	86.64	87.14	87.72	88.28	88.67	88.88	89.15	89.0	89.22
13A_b	5.22	5.2	5.16	5.13	5.12	5.08	5.08	5.04	5.03	5.03	5.0	5.0	4.99	4.96	4.96	4.96	4.98	4.98	5.01	5.01	4.99	5.03	5.02	5.03	5.03	5.03	5.04	5.03	5.06	5.04	5.08
13A_ob	4.39	4.36	4.35	4.3	4.26	4.2	4.13	4.08	4.02	4.0	3.96	3.96	3.93	3.94	3.96	3.98	4.05	4.13	4.26	4.42	4.61	4.87	5.11	5.32	5.52	5.67	5.77	5.83	5.87	5.84	5.79
13A_ow	4.41	4.38	4.34	4.32	4.26	4.2	4.13	4.07	4.01	3.99	3.96	3.96	3.94	3.96	3.99	4.04	4.11	4.2	4.33	4.51	4.69	4.93	5.15	5.34	5.5	5.64	5.7	5.74	5.75	5.69	5.63
13A_w	51.74	70.41	76.52	78.64	80.03	81.16	82.17	82.96	83.61	84.09	84.67	84.81	84.84	84.85	85.0	84.9	84.72	84.61	84.66	84.78	84.69	85.05	85.32	85.75	86.47	87.09	87.47	87.71	87.95	87.92	88.07
13B_b	5.21	5.18	5.16	5.12	5.09	5.07	5.07	5.02	5.01	5.01	4.99	4.99	4.96	4.94	4.93	4.93	4.95	4.96	4.99	5.01	4.97	5.0	5.0	5.0	5.01	5.01	5.01	5.0	5.04	5.01	5.05
13B_ob	29.73	30.51	31.49	32.51	33.02	32.88	31.55	29.38	26.5	23.77	20.86	18.32	15.98	14.07	12.45	11.11	9.87	8.88	8.13	7.52	7.01	6.72	6.42	6.18	6.01	5.87	5.76	5.66	5.61	5.53	5.51
13B_ow	29.9	30.61	31.57	32.65	33.19	33.01	31.7	29.61	26.69	23.88	21.02	18.5	16.13	14.16	12.57	11.17	9.95	8.97	8.2	7.59	7.09	6.79	6.49	6.25	6.06	5.93	5.81	5.71	5.66	5.58	5.56
13B_w	52.6	71.73	77.74	79.68	80.97	81.91	82.84	83.39	84.05	84.48	84.94	84.95	85.06	85.13	85.15	85.09	84.89	84.69	84.86	84.94	84.92	85.16	85.42	85.94	86.58	87.1	87.53	87.7	87.89	87.9	88.0
13C_b	5.17	5.16	5.09	5.08	5.05	5.02	5.01	4.99	4.96	4.95	4.94	4.94	4.92	4.9	4.89	4.88	4.9	4.92	4.94	4.94	4.92	4.93	4.95	4.95	4.94	4.93	4.92	4.92	4.95	4.93	4.96
13C_ob	8.36	8.44	8.64	8.95	9.14	9.05	8.65	7.99	7.19	6.55	5.96	5.53	5.18	4.93	4.76	4.62	4.5	4.42	4.34	4.28	4.21	4.2	4.14	4.08	4.01	3.96	3.9	3.85	3.81	3.77	3.73
13C_ow	8.31	8.4	8.62	8.9	9.11	9.02	8.62	7.94	7.16	6.5	5.91	5.47	5.14	4.9	4.73	4.59	4.5	4.42	4.35	4.3	4.25	4.24	4.18	4.13	4.07	4.03	3.98	3.9	3.86	3.8	3.77
13C_w	51.81	70.61	76.72	78.82	80.21	81.31	82.35	83.06	83.77	84.21	84.81	84.91	84.97	84.97	85.1	85.0	84.81	84.58	84.67	84.84	84.78	84.89	85.28	85.69	86.32	86.93	87.31	87.49	87.77	87.74	87.87
13F_b	5.2	5.18	5.13	5.1	5.08	5.04	5.05	5.0	4.99	4.99	4.96	4.96	4.94	4.93	4.92	4.91	4.93	4.94	4.97	4.96	4.93	4.96	4.97	4.97	4.96	4.96	4.96	4.96	4.97	4.96	5.0
13F_ob	4.38	4.35	4.3	4.28	4.21	4.15	4.11	4.05	4.01	4.01	4.01	4.02	4.01	4.02	4.04	4.06	4.09	4.12	4.17	4.21	4.26	4.34	4.41	4.45	4.49	4.52	4.54	4.52	4.55	4.52	4.52
13F_ow	4.38	4.32	4.28	4.24	4.18	4.12	4.07	4.03	3.98	3.98	3.98	3.98	3.98	4.0	4.01	4.02	4.05	4.07	4.09	4.11	4.13	4.19	4.23	4.28	4.32	4.37	4.42	4.44	4.49	4.52	4.58
13F_w	53.56	72.63	78.39	80.2	81.39	82.24	83.23	83.75	84.31	84.74	85.08	85.25	85.23	85.26	85.36	85.2	85.02	84.91	84.96	85.11	84.98	85.22	85.51	85.92	86.52	87.08	87.45	87.58	87.81	87.8	87.86
13G_b	5.2	5.2	5.13	5.09	5.09	5.04	5.05	5.0	4.99	4.98	4.96	4.96	4.95	4.92	4.91	4.9	4.92	4.93	4.96	4.96	4.95	4.96	4.96	4.96	4.98	4.95	4.95	4.94	4.96	4.95	4.97
13G_ob	54.98	57.28	58.81	59.94	60.49	60.1	59.06	57.06	54.5	51.74	48.34	45.12	41.69	38.51	35.51	32.59	29.84	27.28	25.06	23.09	21.32	20.03	18.76	17.66	16.82	16.07	15.57	15.03	14.69	14.38	14.15
13G_ow	55.09	57.72	59.83	61.58	62.87	63.02	62.41	60.34	57.48	54.3	50.34	46.66	42.85	39.34	36.1	32.99	30.11	27.47	25.18	23.2	21.44	20.09	18.79	17.73	16.85	16.11	15.6	15.05	14.72	14.4	14.17
13G_w	50.81	69.44	75.67	77.94	79.56	80.59	81.83	82.53	83.36	83.97	84.36	84.59	84.72	84.69	84.67	84.41	84.2	84.03	84.06	84.15	84.16	84.48	85.0	85.61	86.33	86.92	87.37	87.67	87.94	87.89	88.03
14A_b	5.21	5.2	5.13	5.11	5.09	5.06	5.06	5.04	5.0	4.99	4.97	4.96	4.96	4.94	4.92	4.92	4.93	4.95	4.97	4.97	4.95	4.97	4.99	4.97	4.99	4.96	4.97	4.96	4.97	4.97	4.99
14A_ob	4.38	4.36	4.11	4.0	4.0	3.96	3.97	4.03	4.21	4.45	4.98	6.87	12.63	21.38	31.42	39.45	44.54	47.41	49.2	50.72	51.88	53.59	54.68	55.66	56.76	57.56	58.34	58.85	59.45	59.83	60.15
14A_ow	5.25	5.13	4.8	4.57	4.47	4.35	4.4	4.32	4.5	4.63	5.13	6.91	12.64	21.38	31.32	39.34	44.37	47.26	49.1	50.63	51.86	53.72	54.9	56.09	57.44	58.44	59.56	60.37	61.31	61.92	62.62
14A_w	54.76	72.89	78.33	80.34	81.86	82.81	83.97	84.47	85.27	85.74	86.15	86.34	86.36	86.42	86.47	86.31	86.11	85.98	85.98	86.14	86.08	86.28	86.63	87.06	87.76	88.19	88.61	88.87	89.03	88.98	89.15
14B_b	5.25	5.23	5.14	5.14	5.12	5.08	5.08	5.04	5.01	5.01	5.0	4.98	4.97	4.95	4.94	4.94	4.96	4.96	4.99	4.99	4.96	4.99	4.98	5.0	4.99	4.98	4.96	4.96	4.99	4.97	5.0
14B_ob	16.59	15.66	14.77	14.28	14.1	13.96	13.86	13.82	13.85	13.97	15.32	20.14	32.01	46.77	60.27	68.88	72.88	74.56	75.35	75.81	75.94	76.41	76.48	76.52	76.59	76.38	76.33	75.9	75.98	75.61	75.42
14B_ow	16.62	15.73	14.79	14.3	14.13	14.02	13.91	13.9	13.9	14.01	15.38	20.18	32.06	46.87	60.61	70.01	75.02	77.44	78.89	79.92	80.54	81.53	82.17	82.81	83.53	84.01	84.47	84.63	85.11	85.2	85.42
14B_w	51.09	69.77	76.0	78.31	79.9	81.08	82.17	83.0	83.75	84.26	84.86	84.95	85.09	84.97	85.0	84.84	84.58	84.38	84.39	84.51	84.46	84.81	85.28	85.92	86.67	87.25	87.76	88.07	88.37	88.26	88.52
14C_b	5.27	5.25	5.17	5.17	5.13	5.11	5.1	5.08	5.05	5.05	5.03	5.04	5.01	4.99	4.97	4.98	4.99	5.0	5.03	5.04	5.0	5.04	5.03	5.05	5.04	5.03	5.04	5.02	5.06	5.04	5.08
14C_ob	6.45	6.45	6.14	6.11	6.16	6.15	6.18	6.21	6.41	6.58	7.41	10.22	18.28	30.35	43.72	54.25	60.66	63.98	65.95	67.31	68.23	69.64	70.39	71.03	71.69	72.14	72.63	72.78	73.29	73.28	73.38
14C_ow	6.5	6.41	6.18	6.08	6.17	6.13	6.19	6.21	6.38	6.58	7.42	10.23	18.36	30.38	43.73	54.3	60.74	64.09	66.13	67.58	68.61	70.08	70.94	71.72	72.61	73.12	73.89	74.23	74.88	75.08	75.36
14C_w	51.22	69.6	75.82	78.18	79.82	80.93	82.15	82.89	83.68	84.23	84.89	84.96	85.16	84.98	85.03	85.0	84.75	84.44	84.45	84.58	84.58	84.99	85.47	86.08	86.92	87.39	87.9	88.16	88.45	88.42	88.61
14D_b	5.25	5.22	5.16	5.12	5.11	5.08	5.08	5.04	5.01	5.02	5.0	4.99	4.97	4.95	4.95	4.94	4.95	4.97	5.0	4.99	4.96	4.99	4.99	5.0	5.0	4.97	4.98	4.95	5.0	4.97	5.01
14D_ob	5.93	5.79	5.51	5.28	5.18	5.07	5.01	5.06	5.21	5.3	5.83	7.74	13.65	22.74	33.28	41.58	46.3	48.53	49.76	50.52	50.91	51.94	52.25	52.56	52.9	52.87	53.13	53.01	53.14	53.06	52.98
14D_ow	4.59	4.67	4.55	4.54	4.59	4.6	4.64	4.67	4.91	5.15	5.8	7.76	13.61	22.61	33.08	41.34	46.06	48.28	49.43	50.21	50.65	51.65	51.92	52.27	52.53	52.66	52.82	52.69	52.87	52.75	52.69
14D_w	51.12	69.56	75.66	78.06	79.65	80.82	82.06	82.81	83.59	84.17	84.84	84.99	85.11	85.02	85.07	84.98	84.67	84.47	84.47	84.58	84.55	85.02	85.44	86.09	86.87	87.38	87.94	88.17	88.41	88.37	88.56
14E_b	5.18	5.17	5.11	5.08	5.06	5.02	5.02	4.99	4.96	4.96	4.94	4.95	4.92	4.91	4.89	4.89	4.91	4.92	4.94	4.96	4.92	4.94	4.95	4.96	4.95	4.96	4.93	4.93	4.96	4.95	4.98
14E_ob	7.38	7.71	7.75	7.7	7.53	7.36	7.26	7.34	7.66	8.11	8.73	10.26	14.2	18.74	21.95	23.19	23.39	23.27	23.05	22.82	22.55	22.65	22.41	22.19	21.98	21.76	21.57	21.31	21.09	20.91	20.73
14E_ow	7.36	7.68	7.75	7.7	7.55	7.38	7.31	7.36	7.68	8.15	8.76	10.29	14.2	18.7	21.89	23.11	23.3	23.17	22.93	22.72	22.43	22.5	22.28	22.04	21.85	21.62	21.41	21.16	20.95	20.77	20.59
14E_w	54.91	73.0	78.31	80.31	81.48	82.51	83.41	84.05	84.7	85.08	85.67	85.72	85.77	85.74	85.86	85.78	85.53	85.4	85.46	85.61	85.55	85.8	86.07	86.47	87.25	87.75	88.14	88.32	88.59	88.48	88.67
14F_b	5.2	5.24	5.11	5.11	5.07	5.04	5.04	5.02	4.98	5.0	4.96	4.96	4.96	4.93	4.92	4.92	4.93	4.95	4.96	4.97	4.95	4.97	4.97	4.98	4.98	4.96	4.95	4.95	4.99	4.96	4.99
14F_ob	4.67	4.79	4.67	4.67	4.75	4.74	4.79	4.84	4.99	5.17	5.75	7.74	14.68	25.91	38.89	49.25	55.59	58.88	60.88	62.37	63.39	64.95	65.81	66.73	67.47	68.02	68.53	68.75	69.22	69.38	69.52
14F_ow	4.74	4.95	4.76	4.83	4.89	4.9	4.93	4.99	5.17	5.38	5.97	7.98	15.03	26.22	39.18	49.48	55.84	59.27	61.38	63.01	64.22	66.01	67.11	68.19	69.36	70.08	70.97	71.52	72.14	72.61	72.98
14F_w	51.06	69.67	75.94	78.29	79.82	80.98	82.2	82.89	83.74	84.29	84.84	85.0	85.1	85.02	85.05	84.91	84.67	84.42	84.39	84.56	84.48	84.94	85.39	86.08	86.85	87.34	87.89	88.1	88.42	88.41	88.53
15A_b	5.22	5.24	5.17	5.13	5.13	5.09	5.09	5.05	5.03	5.03	5.0	5.0	4.99	4.96	4.95	4.96	4.96	4.97	5.0	5.01	4.99	5.01	5.0	5.0	5.02	4.99	5.01	4.99	5.02	5.01	5.04
15A_ob	5.05	5.22	5.28	5.51	5.95	6.32	7.09	8.01	10.16	13.5	21.18	32.87	47.45	59.24	66.51	69.81	70.83	70.96	70.81	70.59	70.33	70.36	70.08	69.78	69.48	69.16	68.78	68.24	68.02	67.52	67.16
15A_ow	5.08	5.29	5.34	5.57	6.02	6.41	7.12	8.12	10.15	13.49	21.05	32.69	47.27	59.23	66.86	70.53	71.83	72.05	72.0	71.95	71.72	72.01	71.83	71.76	71.69	71.53	71.27	70.97	70.8	70.4	70.17
15A_w	50.73	69.1	75.39	77.66	79.22	80.38	81.55	82.27	83.13	83.67	84.22	84.39	84.45	84.42	84.42	84.23	84.05	83.83	83.83	84.0	84.04	84.39	84.91	85.56	86.23	86.92	87.35	87.63	87.94	87.84	88.06
15B_b	5.2	5.19	5.13	5.08	5.09	5.04	5.04	5.0	4.97	4.97	4.96	4.95	4.95	4.92	4.91	4.91	4.91	4.93	4.96	4.96	4.93	4.96	4.96	4.96	4.97	4.95	4.95	4.93	4.96	4.96	4.99
15B_ob	4.59	4.75	4.8	5.05	5.51	5.93	6.68	7.72	9.84	13.49	21.65	34.3	50.05	62.69	70.52	73.91	74.93	74.97	74.7	74.38	73.86	73.72	73.25	72.7	72.25	71.81	71.25	70.55	70.19	69.75	69.28
15B_ow	4.58	4.79	4.88	5.16	5.64	6.07	6.84	7.88	9.99	13.61	21.78	34.41	50.12	62.85	71.17	75.1	76.44	76.69	76.53	76.31	75.85	75.84	75.41	75.06	74.69	74.4	73.88	73.36	73.07	72.64	72.25
15B_w	50.92	69.21	75.47	77.73	79.33	80.45	81.72	82.34	83.33	83.86	84.32	84.57	84.64	84.64	84.61	84.33	84.13	83.95	83.99	84.12	84.12	84.48	85.0	85.61	86.44	87.0	87.47	87.8	88.06	88.01	88.2
15C_b	5.24	5.22	5.17	5.13	5.13	5.08	5.08	5.04	5.01	5.01	4.99	4.99	4.97	4.96	4.93	4.93	4.95	4.96	4.99	4.99	4.97	4.99	4.99	4.99	5.01	4.99	4.97	4.98	5.0	5.0	5.01
15C_ob	14.63	14.23	14.08	14.38	15.04	15.74	17.06	19.07	23.22	29.86	42.3	57.06	69.83	76.53	78.86	79.34	79.25	78.84	78.47	78.13	77.64	77.53	77.11	76.61	76.29	75.88	75.36	74.78	74.49	74.0	73.61
15C_ow	14.53	14.15	13.99	14.3	14.99	15.67	17.05	19.0	23.14	29.81	42.22	57.2	71.31	80.17	84.24	85.62	85.89	85.86	85.78	85.7	85.53	85.66	85.7	85.92	86.07	86.3	86.25	86.23	86.21	86.08	85.99
15C_w	51.03	69.42	75.53	77.88	79.41	80.5	81.79	82.45	83.32	83.91	84.38	84.61	84.75	84.71	84.67	84.45	84.25	84.05	84.03	84.19	84.24	84.49	84.97	85.62	86.36	87.03	87.43	87.78	87.99	87.96	88.11
15D_b	5.21	5.2	5.13	5.09	5.09	5.05	5.04	5.0	4.99	4.99	4.96	4.96	4.95	4.92	4.91	4.91	4.92	4.93	4.96	4.96	4.93	4.96	4.96	4.96	4.96	4.96	4.93	4.95	4.96	4.95	4.98
15D_ob	5.3	5.43	5.45	5.63	6.01	6.37	7.03	8.05	10.06	13.38	20.49	30.83	41.53	48.3	51.24	52.17	52.21	52.0	51.7	51.59	51.29	51.52	51.23	50.91	50.7	50.48	50.11	49.69	49.54	49.19	48.94
15D_ow	5.31	5.45	5.46	5.66	6.03	6.38	7.08	8.09	10.07	13.43	20.59	30.85	41.6	48.31	51.26	52.16	52.26	52.01	51.83	51.66	51.36	51.59	51.31	51.04	50.87	50.62	50.32	49.91	49.8	49.5	49.22
15D_w	50.81	69.17	75.34	77.64	79.37	80.44	81.59	82.39	83.28	83.86	84.34	84.53	84.64	84.64	84.59	84.38	84.19	83.97	83.94	84.08	84.13	84.42	84.98	85.53	86.39	87.04	87.39	87.67	87.9	87.91	88.07
15E_b	5.2	5.2	5.13	5.08	5.08	5.05	5.05	5.0	4.99	4.99	4.96	4.96	4.94	4.92	4.91	4.9	4.92	4.93	4.96	4.96	4.95	4.96	4.96	4.96	4.96	4.95	4.94	4.93	4.96	4.95	4.96
15E_ob	5.3	5.42	5.51	5.72	6.09	6.46	7.17	8.19	10.2	13.52	19.7	26.71	31.98	34.09	34.62	34.69	34.45	34.12	33.88	33.6	33.42	33.55	33.28	32.98	32.88	32.57	32.43	32.01	31.9	31.64	31.48
15E_ow	5.24	5.37	5.43	5.62	5.99	6.38	7.0	8.07	10.06	13.31	19.52	26.56	31.82	34.0	34.58	34.62	34.41	34.09	33.83	33.67	33.44	33.53	33.23	33.01	32.84	32.59	32.4	31.96	31.9	31.65	31.47
15E_w	50.78	69.23	75.44	77.7	79.39	80.5	81.67	82.44	83.3	83.92	84.39	84.56	84.73	84.67	84.66	84.45	84.23	84.0	84.06	84.15	84.2	84.48	84.97	85.61	86.34	87.06	87.44	87.72	87.98	87.94	88.14
16A_b	5.2	5.17	5.13	5.11	5.08	5.05	5.05	5.01	4.99	4.99	4.98	4.97	4.96	4.93	4.92	4.92	4.94	4.96	4.97	4.98	4.95	4.97	4.98	4.99	4.97	4.99	4.96	4.97	5.0	4.97	5.01
16A_ob	15.38	16.04	16.55	16.93	17.17	17.3	17.39	17.34	17.3	17.17	17.05	16.9	16.68	16.43	16.23	16.02	15.81	15.59	15.42	15.21	14.95	14.91	14.72	14.51	14.34	14.18	13.98	13.75	13.63	13.45	13.32
16A_ow	34.8	45.53	52.81	58.58	63.59	67.74	71.58	74.69	77.34	79.41	81.44	82.58	83.33	83.82	84.41	84.62	84.66	84.61	84.69	84.92	84.86	85.17	85.44	85.86	86.63	87.23	87.73	87.91	88.16	88.17	88.28
16A_w	52.31	71.28	77.24	79.35	80.66	81.72	82.71	83.44	84.06	84.47	85.05	85.11	85.16	85.13	85.28	85.23	85.01	84.84	84.95	85.08	85.02	85.22	85.53	86.01	86.58	87.25	87.61	87.8	88.0	87.98	88.15
16B_b	5.2	5.17	5.12	5.09	5.08	5.04	5.04	5.0	4.98	4.97	4.96	4.96	4.93	4.92	4.91	4.9	4.91	4.93	4.96	4.96	4.92	4.96	4.96	4.96	4.97	4.97	4.95	4.95	4.96	4.96	5.0
16B_ob	14.31	15.1	15.7	16.23	16.59	16.86	17.09	17.22	17.27	17.31	17.32	17.29	17.19	17.07	17.0	16.91	16.77	16.62	16.55	16.45	16.27	16.36	16.23	16.09	16.0	15.89	15.8	15.6	15.56	15.42	15.32
16B_ow	16.57	18.45	19.77	20.92	21.9	22.68	23.48	24.07	24.61	25.06	25.48	25.77	26.01	26.22	26.53	26.68	26.84	26.98	27.23	27.43	27.5	28.0	28.18	28.38	28.67	28.96	29.17	29.2	29.51	29.63	29.93
16B_w	52.83	72.06	78.09	80.06	81.28	82.31	83.24	83.75	84.36	84.78	85.22	85.34	85.36	85.29	85.5	85.41	85.23	85.08	85.12	85.31	85.27	85.47	85.7	86.17	86.83	87.29	87.66	87.82	88.09	88.02	88.14
16C_b	5.21	5.2	5.16	5.13	5.1	5.07	5.07	5.04	5.01	5.01	4.99	5.0	4.96	4.95	4.95	4.93	4.95	4.96	5.0	5.0	4.96	4.99	5.0	5.0	4.99	5.0	4.99	4.97	5.0	4.98	5.01
16C_ob	5.49	5.51	5.52	5.54	5.55	5.55	5.57	5.55	5.54	5.55	5.54	5.54	5.5	5.48	5.49	5.47	5.46	5.43	5.43	5.42	5.39	5.45	5.46	5.43	5.43	5.42	5.41	5.39	5.4	5.38	5.4
16C_ow	5.49	5.51	5.53	5.54	5.57	5.56	5.58	5.57	5.56	5.57	5.57	5.57	5.54	5.53	5.54	5.53	5.51	5.5	5.5	5.5	5.48	5.54	5.54	5.54	5.54	5.54	5.54	5.52	5.54	5.53	5.55
16C_w	52.53	70.97	76.76	78.92	80.32	81.47	82.46	83.25	83.92	84.41	85.07	85.13	85.17	85.16	85.36	85.27	85.03	84.88	84.92	85.11	85.02	85.14	85.5	85.95	86.61	87.17	87.61	87.73	88.0	88.02	88.14
16D_b	5.26	5.26	5.22	5.18	5.17	5.13	5.13	5.11	5.07	5.08	5.05	5.05	5.04	5.01	5.0	5.0	5.02	5.03	5.05	5.05	5.02	5.05	5.05	5.06	5.06	5.06	5.05	5.04	5.07	5.05	5.09
16D_ob	5.01	5.02	4.96	4.89	4.84	4.78	4.66	4.55	4.43	4.38	4.34	4.29	4.25	4.28	4.31	4.28	4.26	4.39	4.92	6.25	8.34	10.58	11.95	12.61	12.87	12.91	12.86	12.67	12.57	12.44	12.32
16D_ow	4.98	5.08	4.96	4.91	4.92	4.82	4.72	4.58	4.47	4.42	4.38	4.28	4.26	4.33	4.38	4.29	4.33	4.47	4.95	6.87	12.03	21.66	32.77	42.66	50.67	56.59	61.24	64.57	67.61	70.09	72.33
16D_w	52.14	71.31	77.39	79.46	80.83	81.81	82.79	83.43	84.12	84.48	85.03	85.14	85.16	85.19	85.31	85.14	85.02	84.94	85.0	85.15	85.08	85.33	85.53	86.07	86.63	87.19	87.57	87.69	87.95	87.89	88.06
16E_b	5.21	5.18	5.13	5.11	5.09	5.05	5.04	5.02	4.99	4.99	4.97	4.97	4.95	4.93	4.92	4.91	4.95	4.94	4.97	4.97	4.94	4.97	4.97	4.97	4.97	4.97	4.95	4.96	4.97	4.96	5.0
16E_ob	11.57	10.72	9.99	9.8	10.19	11.2	12.73	14.28	15.87	17.44	18.86	19.29	18.28	16.54	14.48	12.39	10.57	9.19	8.22	7.55	7.12	6.97	6.85	6.82	6.96	7.29	7.63	8.04	8.99	9.96	10.57
16E_ow	12.28	11.26	10.38	10.15	10.72	12.29	14.99	18.23	22.5	27.53	33.45	36.08	33.22	27.65	21.68	16.59	12.86	10.4	8.86	7.92	7.33	7.13	6.97	6.96	7.17	7.71	8.26	9.06	10.99	13.39	15.1
16E_w	53.01	71.37	77.08	79.21	80.61	81.7	82.81	83.42	84.14	84.64	85.13	85.31	85.34	85.39	85.45	85.42	85.17	85.06	85.14	85.26	85.26	85.4	85.69	86.23	86.86	87.31	87.84	88.08	88.23	88.22	88.39
16F_b	5.17	5.14	5.09	5.07	5.05	5.01	5.01	5.0	4.96	4.96	4.95	4.95	4.92	4.91	4.89	4.89	4.92	4.92	4.95	4.96	4.92	4.95	4.96	4.95	4.96	4.96	4.95	4.93	4.96	4.96	4.99
16F_ob	12.81	13.33	13.73	13.98	14.03	13.98	13.87	13.58	13.32	13.24	12.72	11.65	10.05	8.49	7.34	6.86	6.5	6.04	5.84	5.84	5.93	6.12	6.08	6.25	6.95	8.31	9.92	10.98	11.48	11.53	11.44
16F_ow	26.59	34.19	40.94	46.16	50.23	53.2	55.65	54.99	55.44	58.93	55.03	42.45	27.66	17.31	11.7	9.81	8.76	7.43	6.8	6.78	7.01	7.45	7.37	7.71	9.86	16.27	30.45	50.2	68.58	79.5	84.45
16F_w	52.15	71.31	77.44	79.51	80.81	81.88	82.8	83.49	84.11	84.56	85.08	85.19	85.2	85.19	85.33	85.21	85.0	84.86	84.89	85.09	85.0	85.23	85.54	85.96	86.63	87.14	87.58	87.72	87.92	87.94	88.09
17A_b	5.2	5.17	5.12	5.09	5.09	5.04	5.04	5.01	4.98	4.98	4.96	4.96	4.93	4.92	4.91	4.91	4.93	4.93	4.97	4.96	4.95	4.96	4.97	4.96	4.97	4.96	4.95	4.95	4.97	4.95	4.99
17A_ob	7.39	7.46	7.49	7.53	7.5	7.49	7.46	7.44	7.38	7.34	7.29	7.25	7.18	7.12	7.09	7.03	7.0	6.98	6.96	6.92	6.84	6.91	6.86	6.81	6.79	6.75	6.71	6.66	6.62	6.6	6.59
17A_ow	38.9	51.48	57.92	62.33	65.88	68.92	71.53	73.7	75.39	76.89	78.11	78.94	79.4	79.65	80.12	80.13	80.03	80.0	80.06	80.32	80.28	80.74	80.99	81.6	82.38	83.01	83.58	83.61	83.72	84.0	84.11
17A_w	52.1	71.14	77.25	79.37	80.66	81.78	82.8	83.47	84.11	84.57	85.08	85.23	85.23	85.28	85.41	85.28	85.08	84.98	85.02	85.17	85.1	85.36	85.61	86.04	86.74	87.24	87.64	87.8	88.05	88.08	88.17
17D_b	5.17	5.16	5.12	5.08	5.05	5.02	5.03	5.0	4.96	4.97	4.95	4.95	4.93	4.91	4.91	4.91	4.92	4.93	4.96	4.96	4.93	4.96	4.97	4.96	4.96	4.96	4.96	4.95	4.97	4.96	4.98
17D_ob	4.38	4.44	4.37	4.26	4.2	4.05	3.84	3.58	3.3	3.17	3.09	2.95	2.92	3.04	3.15	3.07	3.04	3.38	4.61	7.41	11.65	16.11	19.06	20.7	21.67	22.14	22.41	22.5	22.6	22.7	22.75
17D_ow	4.45	4.76	4.67	4.55	4.52	4.36	4.05	3.71	3.4	3.26	3.15	2.96	2.94	3.09	3.21	3.12	3.08	3.43	4.88	9.54	19.34	32.69	44.71	53.55	59.98	64.32	67.63	69.78	71.71	73.41	74.77
17D_w	52.15	71.3	77.34	79.47	80.85	81.95	82.87	83.61	84.2	84.61	85.24	85.27	85.36	85.35	85.53	85.45	85.23	85.09	85.19	85.33	85.28	85.48	85.78	86.21	86.86	87.41	87.75	87.95	88.16	88.16	88.29
17F_b	5.21	5.19	5.15	5.11	5.09	5.06	5.05	5.02	5.0	5.0	4.97	4.98	4.96	4.94	4.93	4.92	4.96	4.96	4.99	4.98	4.96	4.98	4.99	5.0	4.98	5.0	4.97	4.97	4.99	4.97	5.01
17F_ob	16.43	17.41	18.3	18.82	18.94	18.91	18.79	18.18	17.72	17.81	16.7	14.2	10.99	8.35	6.74	6.13	5.74	5.29	5.08	5.1	5.21	5.43	5.42	5.59	6.41	8.4	11.58	14.59	16.39	17.09	17.15
17F_ow	25.91	32.94	38.97	43.55	46.84	49.08	50.78	49.47	49.11	52.31	47.83	35.41	22.06	13.39	8.96	7.55	6.81	5.89	5.46	5.47	5.64	6.0	5.93	6.18	7.71	12.51	24.22	42.23	60.37	71.99	77.41
17F_w	54.61	72.62	78.13	80.12	81.59	82.56	83.6	84.25	84.91	85.34	85.97	85.98	85.92	85.87	85.89	85.76	85.49	85.28	85.31	85.46	85.36	85.59	85.92	86.31	87.13	87.75	88.29	88.43	88.77	88.68	88.88
